Step: 0. 
[ 0.06981939  0.37851044  0.25066948  0.19206617 -0.04319203  0.21299826
  0.07368427  0.40199009 -0.25223895  0.47604291  0.07576131  0.24549611
  0.          0.          0.          0.          0.          0.
  0.          0.          0.          0.          0.          0.
 -0.07390735 -0.28703508  0.51460956  0.          0.          0.
 -0.27124537 -0.26812062  0.09825892  0.          0.          0.
  0.          0.          0.8         0.          0.          0.        ]
Step: 0. 
[ 7.12964224e-02  3.82413849e-01  2.50669525e-01  1.92065932e-01
 -6.13766823e-02  1.96170233e-01  7.36843425e-02  4.01990083e-01
 -2.52238946e-01  4.76041823e-01  7.57612263e-02  2.45496317e-01
  3.54488127e-01  9.36818397e-01  1.13993079e-05 -5.78707348e-05
 -4.36431747e+00 -4.03872704e+00  1.67321615e-05 -9.68736378e-07
  1.64740107e-07 -2.61094605e-04 -2.01243847e-05  5.00544967e-05
 -7.39073511e-02 -2.87035079e-01  5.14609563e-01 -1.28432849e-01
  7.17351164e-02  2.77708797e-01 -2.71245371e-01 -2.68120615e-01
  9.82589223e-02 -2.45460388e-01 -9.26863074e-02  4.90270623e-01
  0.00000000e+00  0.00000000e+00  8.00000000e-01  9.64793088e-02
  9.46342806e-02  1.06318343e-01]
Step: 0. 
[-0.02792392 -0.33552576  0.10194782  0.37449334  0.04420293 -0.2453825
 -0.06487559 -0.08326694 -0.1992134   0.04282785  0.02446998 -0.11674044
  0.          0.          0.          0.          0.          0.
  0.          0.          0.          0.          0.          0.
  0.06585313 -0.30527268  0.51122616  0.          0.          0.
  0.14645202 -0.3225322   0.07874795  0.          0.          0.
  0.          0.          0.8         0.          0.          0.        ]
Step: 0. 
[-0.02813645 -0.33522784  0.10198331  0.37451829  0.04410642 -0.24542588
 -0.06519654 -0.08326059 -0.19922418  0.04254717  0.0246061  -0.11123451
 -0.05100706  0.071501    0.00851597  0.00598821 -0.02316328 -0.01041003
 -0.07702697  0.00152455 -0.00258717 -0.06736415  0.03266927  1.32142346
  0.06585313 -0.30527268  0.51122616 -0.00329533 -0.02796274  0.03065739
  0.14645202 -0.3225322   0.07874795 -0.00682038  0.04634426  0.0276383
  0.          0.          0.8         0.00655302 -0.08305404  0.1028318 ]
Step: 100000. 
[ 1.09053914e-01  7.85660284e-01 -3.91489189e-02  8.35815289e-01
 -2.61817396e-01 -9.12647682e-01  2.28891361e-01 -1.39625703e+00
  1.07655194e-01 -4.56131828e-04 -2.47659694e-01 -7.85326403e-01
 -2.52186043e-04 -4.79267686e-03  2.17449715e-03  9.29073240e-03
 -3.36199060e-03  4.79135798e-03  1.61417700e-02  2.62378361e-03
  7.56498614e-04  8.13552554e-03  3.11638383e-04 -2.18511104e-03
  4.86854080e-02 -2.43204009e-01  2.24397548e-01 -4.01589313e-04
 -3.79657776e-04  1.88155343e-03 -2.50192881e-01 -4.74843506e-01
  1.45070305e-01 -4.09642449e-04  3.36155865e-04  2.23408100e-04
 -1.79243993e-02  1.04189060e-01  4.08127836e-01 -1.23654362e-03
 -6.68028320e-04  2.43031103e-03]
Step: 200000. 
[ 1.71269189e-01  1.15707889e-03  7.04834591e-01  1.24724033e+00
  5.29903032e-02 -8.31623016e-01 -5.67680082e-01 -4.75395877e-01
  4.56994702e-01  1.92450371e-02 -3.23081105e-01 -5.01756848e-01
  1.16232892e-02 -5.72875763e-03  3.10406827e-04  8.02299230e-05
 -3.23103190e-04  2.70885929e-04 -1.07846824e+00  8.01063069e-04
  1.52217104e-04  5.60622997e-03  1.97408804e-04  2.55919255e+01
 -1.92037212e-01 -1.13438417e-01  2.05743538e-01 -9.21943131e-02
 -3.84485880e-02 -9.51710199e-02 -4.87167473e-01 -3.29629341e-01
  1.67470990e-01 -2.19584071e-02 -1.42104842e-01 -5.13684753e-02
  1.39021090e-01 -6.18646977e-02  4.21867097e-01 -1.92244084e-01
  2.04888658e-01 -3.33893136e-03]
Step: 300000. 
[-6.39682845e-02 -1.27734020e-01  7.60753817e-01  1.25135256e+00
 -3.24092721e-01 -8.87500273e-01  8.31947537e-03 -4.24938139e-01
  7.87164859e-01 -1.48157919e-02 -3.06547516e-01 -1.03587876e+00
 -1.54124664e+00 -5.70504197e+00 -9.41713434e+00  1.19713557e+00
 -4.98393281e+01  0.00000000e+00  2.85230641e-01 -2.35871043e+00
 -1.06011388e-01  8.88946962e-01  2.52242671e-13  2.90874907e+00
 -2.62619462e-01 -2.64862547e-01  2.53542650e-01 -7.09303455e-01
  2.88048182e-02 -2.45951676e+00 -5.86572470e-01 -4.30950178e-01
  2.40173885e-01 -1.14308997e+00  9.60166664e-01  3.59768819e-02
  5.01639444e-02 -6.12894490e-02  4.71044839e-01  2.64220706e-02
 -3.28436163e-01 -2.87119976e+00]
Step: 400000. 
[ 2.60826060e-01 -8.93259504e-01  8.27797067e-01  1.45817704e+00
 -2.61920877e-01 -9.56361643e-01 -1.50920866e-01 -2.30156600e-01
  7.94513130e-01 -6.80912218e-03 -3.57599616e-01 -7.94427335e-01
 -5.29068564e-01 -1.96312271e-02 -4.47827546e-04 -9.62530483e-01
 -1.21691046e-03  2.05461783e-03  5.15509470e-03 -3.10031158e+00
 -5.46907781e-01  1.80357028e-01  7.17646567e-03  5.41625124e-01
  4.26756601e-02 -2.95698292e-01  4.75349714e-01 -3.16751787e-01
 -3.22709920e-01 -7.06449172e-01 -1.83683429e-01 -3.98934123e-01
  2.38205678e-01 -1.71910414e+00 -6.71828462e-01  6.71669143e-01
  1.26791940e-01 -4.22565671e-02  7.46173829e-01  1.14873567e+00
 -3.30749156e-01 -1.07803825e+00]
Step: 500000. 
[ 4.36051733e-01 -7.86186971e-01  7.85526721e-01  2.03298985e+00
 -1.78664373e-01 -1.06555736e+00 -4.03928014e-01 -4.12742067e-01
  8.43117502e-01  2.64997669e-01 -3.07750586e-01 -8.27321602e-01
  7.78692682e+00  4.62961907e-02 -7.73921404e-03 -7.11497214e+00
  1.18251721e-02 -8.49383462e-03 -4.35409211e+00 -2.58816523e-03
 -3.23522241e+00 -2.22721061e+01  7.40577064e-05  0.00000000e+00
  5.59843286e-02 -2.52873698e-01  3.23549928e-01 -3.85226327e-01
 -6.88977740e-01 -6.49516180e-01 -2.03663403e-01 -3.59367097e-01
  3.10849910e-01 -1.76881648e+00  5.07533588e-01  1.80248340e+00
  1.94408043e-01 -3.04571960e-02  5.76658084e-01  2.23274320e+00
 -3.97212427e-01 -3.69892192e+00]
Step: 600000. 
[ 8.58561538e-01 -9.91657380e-01  9.87982863e-01 -5.26191880e-02
 -2.65924415e-01 -8.32806500e-01 -1.35761824e-01 -2.24152049e-01
  6.34518756e-01  4.51012754e-01 -2.22349340e-01 -1.02587014e+00
  2.46016053e-05  2.42194639e+00 -1.16265550e-05  4.73183585e-03
  2.47439238e-01  5.26132978e-04 -4.65263928e+00  5.58541504e+00
  3.15720943e-04 -1.05185061e+01 -1.09672493e+01 -1.48504603e-05
  3.76004270e-01 -1.56424880e-01  4.17378529e-01  4.08183849e+00
  2.65368876e+00 -1.66084037e+00  6.81189651e-01  1.05201698e-01
  4.18786472e-01  1.66872944e+00  5.45845223e+00  1.15989095e+00
  1.99743181e-01 -7.06767587e-02  6.75688100e-01  3.04114311e+00
 -8.94156510e-01 -1.43735464e+00]
Step: 700000. 
[-0.03119596 -0.47449595  0.038047    0.27428415 -0.0192195  -0.00914804
  0.05066343  0.22882688  0.18152457  0.43624788  0.08387509 -0.11552981
  0.          0.          0.          0.          0.          0.
  0.          0.          0.          0.          0.          0.
  0.09137803 -0.30554901  0.52218193  0.          0.          0.
  0.25609009 -0.32139774  0.10103594  0.          0.          0.
  0.          0.          0.8         0.          0.          0.        ]
Step: 700000. 
[-1.31914675e-02 -5.87018655e-01  1.49388312e-01  5.01667708e-01
  5.29263240e-02 -3.20614636e-01  7.21239155e-02  1.91896378e-01
  2.59095497e-01  5.83617821e-01 -1.69272530e-01 -4.23678859e-01
  4.32107886e+00 -2.70054486e+01  2.67219149e+01  5.45720548e+01
  1.73149976e+01 -7.47519836e+01  5.15051647e+00 -8.86332004e+00
  1.86170235e+01  3.53687859e+01 -6.07554278e+01 -7.39557723e+01
  9.13780286e-02 -3.05549006e-01  5.22181934e-01  1.87659491e+00
  7.00335180e-04  4.98858179e-02  2.56090086e-01 -3.21397736e-01
  1.01035942e-01 -5.21667638e+00 -2.13747413e+00  4.43310913e+00
  0.00000000e+00  0.00000000e+00  8.00000000e-01  3.24674750e-01
 -2.13473169e-01 -1.89729488e+00]
Step: 800000. 
[-6.31868604e-01 -8.05631878e-01  8.96568428e-01  1.60018428e+00
  3.38268748e-01 -8.51189466e-01 -2.00325299e-01 -3.63038810e-02
  6.94077291e-01  5.85985735e-01  3.46603902e-01 -9.42340932e-01
  2.19649658e+01  1.21393091e+00  1.55427877e-05 -2.13684781e+01
  7.10542736e-15  4.79463964e+00  2.85537268e+00 -8.67528705e+00
  1.42304085e+01 -1.33046600e+01  4.80164026e+01  5.88985155e-06
 -2.79898731e-01 -2.81066908e-01  4.39894678e-01  1.20572187e-01
  1.23779842e+00  4.05331571e+00 -4.17238340e-01 -5.36725894e-01
  5.96053411e-01 -4.11457437e+00  2.28534547e+00  6.13356780e+00
  7.77404699e-02  1.43656787e-02  4.25753473e-01 -2.77955258e-01
 -5.13067398e-01 -8.76981754e+00]
Step: 900000. 
[-1.63932605e-02 -5.45956702e-01  4.22608220e-01  1.33395049e+00
 -2.73011598e-03 -9.30007294e-01 -2.10182120e-02 -4.99322704e-01
  4.15284345e-01  6.82052936e-01 -7.08308692e-03 -8.15924372e-01
  8.83961060e+00 -1.69958989e+00  4.88309522e+01  8.94890222e+01
  1.12895027e-08 -8.56402976e+01  5.64897859e+00  3.88410943e-07
  4.52006282e+01  5.02439927e+01 -4.99989332e+01  1.83158231e+00
  1.11449732e-01 -3.05110831e-01  5.08608422e-01  3.53330251e+00
  2.29945094e+00 -4.55276754e+00  1.16258341e-01 -3.60072680e-01
  1.10751387e-01 -9.59278607e+00 -5.49349921e+00  1.31089575e+01
  3.02532795e-03 -3.61443916e-03  7.86288457e-01  8.32876213e-01
 -1.32066521e+00 -3.22899796e+00]
Step: 1000000. 
[-1.06177987e-02  4.56646134e-01  8.46500457e-01  2.05547638e+00
  4.31369038e-01 -1.08896659e+00 -3.92054060e-02  3.36075821e-01
  2.68425283e-01  7.81319226e-01  4.06393583e-01 -1.05090852e+00
 -1.34577470e+01  4.36354820e+01 -1.27303379e+01  1.68906096e+01
 -1.17760202e+01 -2.22044605e-16 -3.07465556e-07  2.36516072e+01
  5.78127691e+00  3.49838980e+00  7.46969490e+01  6.60824639e-09
 -1.78831242e-01 -2.52358164e-01  4.09391491e-01 -7.15908014e+00
 -2.15494885e+00 -1.28592817e+00 -4.05548097e-01 -4.27141459e-01
  4.48293385e-01 -2.96444025e+00  1.47287685e-01  1.63357175e+01
  2.49710609e-02 -3.49331259e-03  6.73478139e-01  1.49843866e+00
 -8.32772460e-01 -8.16069419e+00]
Step: 1100000. 
[-3.52327439e-01  6.74258458e-01 -4.33208738e-01 -2.46098779e-01
  2.62775103e-01  6.57375071e-01  8.34279139e-01 -5.04641559e-02
 -6.49846538e-01  5.68979621e-01 -5.24643319e-01  8.49762209e-01
  5.62386212e+01  1.02078579e+01 -8.71708447e+01 -7.87062552e+01
 -5.77217412e-02  6.29732312e+01  0.00000000e+00 -8.31313550e+00
 -1.99611396e+01 -9.26358814e+01  8.57080329e-04  7.32803631e+01
  4.96286049e-02 -3.79661683e-01  3.62534347e-01  7.99763556e+00
  3.71026761e+00  6.98483856e+00 -3.13599365e-02 -7.71393549e-01
  5.98536041e-01  1.78310628e+01  6.75624560e+00  1.57051275e+01
  3.47431859e-02  8.96682720e-02  3.62568400e-01 -3.46000557e-01
 -9.41750139e-01 -9.35118209e+00]
Step: 1200000. 
[ 0.03745191  0.4808039   0.0686743   0.26316832  0.06662103 -0.14128586
 -0.05751158 -0.33411112 -0.02626855  0.49291513 -0.00463267 -0.0329756
  0.          0.          0.          0.          0.          0.
  0.          0.          0.          0.          0.          0.
 -0.09249842 -0.29336041  0.52279966  0.          0.          0.
 -0.32910065 -0.27872204  0.14427246  0.          0.          0.
  0.          0.          0.8         0.          0.          0.        ]
Step: 1200000. 
[-4.36010377e-02  4.51657440e-01  3.19476872e-01  4.14044318e-01
  3.28006530e-01 -4.42605755e-01 -8.39663085e-02 -3.34111202e-01
 -2.62685456e-02  6.73097508e-01 -5.49263849e-02 -3.52114597e-01
 -1.94527064e+01 -6.99514931e+00  6.01926173e+01  3.62102406e+01
  6.27325200e+01 -7.23167752e+01 -6.34913503e+00 -2.05438151e-05
  0.00000000e+00  4.32437717e+01 -1.20704911e+01 -7.65933599e+01
 -9.24984156e-02 -2.93360405e-01  5.22799665e-01 -8.20757733e-01
 -8.31925774e-01 -2.78192522e+00 -3.29100647e-01 -2.78722041e-01
  1.44272464e-01 -1.51844409e+00 -1.06002412e+01  8.09928111e+00
  0.00000000e+00  0.00000000e+00  8.00000000e-01  8.87155185e-01
  1.49703802e+00 -1.96712725e+00]
Step: 1300000. 
[ 1.08702702e-01  6.72660993e-01  9.38461504e-01  2.31817928e+00
  1.31570283e-01 -1.00873103e+00  1.45774613e-01  2.19981309e-02
  5.15268855e-01  1.72322978e+00 -4.07165225e-01 -9.95208699e-01
 -1.72605922e+01  3.04812133e+01 -1.65688487e+01  5.78442399e+01
 -6.30323943e+01  0.00000000e+00  1.16112402e+00  3.53422992e+01
  1.72748789e+01  2.81811356e+01  2.32086860e+01  0.00000000e+00
 -2.28713099e-01 -2.28516412e-01  4.59472433e-01 -1.03713089e+01
 -8.71559479e-01 -4.03504922e-01 -4.23479114e-01 -4.26488982e-01
  5.19137836e-01  5.36906382e+00  5.64272689e+00  2.05125939e+01
  1.89524839e-02 -1.35114851e-02  6.77745866e-01  1.09449863e+00
 -1.70900179e+00 -9.90420611e+00]
Step: 1400000. 
[-8.46702515e-01  4.23395866e-01  7.09818625e-01  1.68896696e+00
  2.66143103e-01 -9.97945289e-01 -7.88655878e-01 -7.24500585e-01
 -1.53987362e-01  2.71930190e+00 -4.36490821e-01 -7.86285284e-01
  4.81576960e-04 -1.06744674e+01 -5.53846294e+01 -1.03505483e+01
 -2.53084707e-01  4.23905214e-03  1.95472688e-01 -3.97518649e+01
  4.09338392e+00  4.24522477e+01 -2.54809103e-03  5.32370205e-02
  5.26084164e-02 -3.75637820e-01  3.06632649e-01 -7.50100144e+00
 -8.45569461e+00  4.42187193e+00 -9.04456667e-02 -6.07007378e-01
  4.70465674e-01 -2.10337597e+00 -3.05741712e+00  1.85637376e+01
  1.24018862e-01  3.86278105e-02  5.65797462e-01  9.16564404e+00
 -3.67598716e+00 -5.35464920e+00]
Step: 1500000. 
[-5.06403570e-01  6.64803244e-01  7.99450639e-01  1.26064030e+00
  3.46693855e-01 -8.62029727e-01  2.30328480e-01  5.96548426e-01
  7.49954924e-01  2.08073792e+00 -5.36282718e-01 -8.44253438e-01
 -5.09553942e+01  6.30379994e+00 -8.43158380e-01 -3.94119398e+00
  2.83138674e-05 -2.24810320e-06 -3.61684525e+01 -1.19432115e+00
 -1.25367158e+01  5.11573953e+01 -7.42903594e+01  0.00000000e+00
 -1.91336713e-01 -3.37145414e-01  4.21287476e-01 -6.11765311e+00
 -4.79692797e+00 -3.66235475e+00 -5.07880367e-01 -5.16697204e-01
  4.30237376e-01 -3.91602586e+00 -8.16044462e+00  1.76585169e+01
 -1.28248041e-02  1.02712909e-02  6.36009441e-01  7.20534250e-01
  3.31888946e-01 -1.20875688e+01]
Step: 1600000. 
[-3.72266146e-01  8.58374856e-02  8.51295620e-01  8.35809265e-01
  3.21872158e-01 -8.36305251e-01  9.21311218e-02 -4.87028215e-02
  1.91840402e-01  1.06164015e+00 -4.86161248e-01 -9.64781507e-01
 -2.73150801e+01  4.38284570e-01  0.00000000e+00  3.06631315e+01
  8.90759884e-05 -1.76577721e-05 -2.06090553e-06 -1.36587037e+01
 -4.70488235e+01  9.54561734e+01 -6.38504701e+01 -8.29573291e+01
 -7.31702637e-02 -3.27555327e-01  4.67417064e-01 -5.79985949e+00
 -2.12867804e+00 -8.80694325e+00 -2.35340934e-01 -4.99862644e-01
  1.49285396e-01 -1.66677922e+01 -1.31699842e+01  3.80716561e+00
  1.61553553e-03  1.29047480e-02  7.63375144e-01  9.88849094e-01
  1.09448037e+00 -1.09923218e+01]
Step: 1700000. 
[-1.17108285e+00  4.65711647e-01  1.07749719e+00  8.47262027e-01
  5.74060696e-01 -4.75005307e-01 -3.00557270e-01  8.56324394e-01
 -8.47253677e-01  2.13063114e+00  2.31568139e-01 -9.93193829e-01
  0.00000000e+00  2.69665714e+01 -9.35554447e-05 -5.90511998e+00
  8.34298611e+01  8.32514326e+01  5.14892168e+01  4.23539760e+01
 -7.12698807e+01  4.25247826e+01 -4.42163498e+01 -7.31577217e-08
  4.09130527e-02 -3.99937894e-01  3.66248074e-01 -2.37541376e+00
 -5.91920995e+00  6.75044394e+00 -1.21897016e-01 -7.52637006e-01
  4.07327411e-01 -3.04990788e+00 -1.54138347e+01  3.90859133e+01
  9.64037489e-02  6.72096281e-02  5.58627318e-01  1.19145768e+01
 -1.36048855e+00 -1.34719241e+01]
Step: 1800000. 
[ 5.75029617e-01 -5.49861894e-02  2.83256149e-01  1.08793920e+00
 -1.50039606e-01 -2.13230408e-01 -5.19738415e-01  7.09297832e-01
  8.71729632e-01  4.78218801e-01 -6.77636691e-02 -4.91089054e-01
 -2.60851737e+01  4.90383882e+01 -5.66604525e+01 -9.59345628e+01
 -6.17750704e+01  8.52815892e+01 -7.65157670e+01  4.19659521e+01
  0.00000000e+00 -5.78030713e+01  7.67604487e+00  7.05522181e+01
 -1.90484444e-01 -1.69464756e-01  3.97767013e-01 -1.14274304e+01
  8.52238964e-01  5.13217230e+00 -5.30920070e-01 -9.33130870e-02
  5.04424356e-01 -8.19015772e+00  1.45825925e+01  3.97590060e+01
  4.19141322e-02  1.40790333e-02  4.92676365e-01  1.14872818e+00
  5.03321856e+00 -2.34141603e+01]
Step: 1900000. 
[ 5.63062098e-01 -6.50567653e-01  8.24048168e-01  1.32832810e+00
  4.57149531e-01 -2.29770416e-01  8.01958044e-01  3.10527974e-01
 -7.81419282e-01  8.36330483e-01  3.11011637e-01 -3.52068402e-01
 -1.60974271e+01 -8.22177032e+01  2.55780863e+01 -2.12327872e+01
  0.00000000e+00  7.86883376e+01 -6.69745859e+01 -5.82213197e+01
  7.57218109e+01  2.49907364e+01  6.76606269e+01  8.85251030e+01
 -1.14589543e-01 -3.24893987e-01  4.25745117e-01 -4.93322527e+00
 -2.26138372e+00 -3.07366078e+00 -4.20177362e-01 -4.75404567e-01
  2.81469502e-01 -8.83252190e+00 -1.67658626e+01  2.19624340e+00
 -7.73565442e-02 -3.65356676e-02  5.63139762e-01  7.91123774e-01
  6.23808609e+00 -1.21542461e+01]
Step: 2000000. 
[ 8.75458590e-01 -4.34975424e-01  3.96007665e-01  2.49245089e+00
  1.17204910e-01 -1.05383639e+00 -4.95892654e-01  6.55458256e-01
  1.08582727e+00  1.61996367e+00 -1.30964118e-01 -8.99604838e-01
  3.26525762e-06  8.66362286e+01 -1.03281514e+01  4.48653624e+01
  5.32700889e+01 -9.04850244e+01 -2.87705311e+01  4.21700645e+01
  5.91125922e-08  5.96990595e+00 -7.57956382e+01 -1.42108547e-14
  5.79760458e-02 -1.85964605e-01  2.31870209e-01 -1.40569144e+01
  4.60925595e+00 -1.10726391e+01 -2.11367348e-01 -1.19015751e-01
  1.90251216e-01 -1.88159554e+00 -1.32055483e+01  2.07494038e+01
  7.65079500e-02  4.71459440e-02  4.28802700e-01  2.42975982e+00
  3.63838032e-01 -1.63947099e+01]
Step: 2100000. 
[-4.46175517e-01 -3.26021577e-01  2.29508261e-01  7.04975318e-01
  2.81396603e-01 -7.62175417e-01 -4.28193443e-01 -2.92615169e-02
  1.58105721e-01  8.86329113e-01 -6.65933214e-02 -7.91903050e-01
 -5.99086034e+01 -2.62626531e+01  3.65484087e+01  8.30486878e+01
  6.29685714e+01 -7.78788335e+01 -6.07405099e+01  0.00000000e+00
 -6.25612683e+00  4.31659683e+01 -6.07192111e+01 -8.30205321e+01
 -4.22452025e-02 -2.98499303e-01  4.83181271e-01 -4.33020854e+00
  1.42890525e+00 -1.00394887e+01 -1.06947791e-01 -3.69935049e-01
  6.42270659e-02 -2.16539527e+01 -2.48110797e+01  1.68344324e+01
  4.89679933e-04  2.88908340e-02  7.86809730e-01  1.18336115e+00
  4.84791479e+00 -1.16779620e+01]
Step: 2200000. 
[-9.52836345e-01 -1.34047897e-01  9.97317486e-01  1.38986157e+00
  2.43898257e-01 -1.08806593e+00 -4.32395288e-01 -1.10906827e+00
 -2.90460763e-01  2.18300384e+00 -3.24941100e-01 -1.01445313e+00
 -4.62050167e-08 -2.16008661e+01  2.12663858e-05  1.61423384e+01
  9.42147600e+01  1.42108547e-14  2.02615555e+01 -7.59632350e+01
 -2.92963128e+01  1.00000000e+02 -7.12704497e+01 -1.19495382e-07
  8.04633995e-02 -3.78024211e-01  2.50415874e-01 -6.22755862e+00
 -5.75366575e+00 -1.31738768e+01 -1.39620827e-01 -6.35111541e-01
  1.81398552e-01 -1.13057335e+01 -5.55551892e+00  3.06800552e+00
  1.37522765e-01  3.38672346e-02  5.46987507e-01  1.16090353e+01
 -1.76024892e+00 -2.31391325e+01]
Step: 0. 
[ 1.21304717e-02  2.25017760e-01 -1.66130024e-01  3.81387558e-01
 -7.78775760e-02 -3.74143625e-02 -4.38740376e-02  4.62765861e-01
 -1.85794121e-01  2.02898418e-01  3.11781903e-04  1.79712059e-01
  0.00000000e+00  0.00000000e+00  0.00000000e+00  0.00000000e+00
  0.00000000e+00  0.00000000e+00  0.00000000e+00  0.00000000e+00
  0.00000000e+00  0.00000000e+00  0.00000000e+00  0.00000000e+00
  0.00000000e+00  0.00000000e+00  0.00000000e+00  0.00000000e+00
  0.00000000e+00  0.00000000e+00 -3.18270976e-01  2.89013245e-01
  1.95133214e-01  0.00000000e+00  0.00000000e+00  0.00000000e+00
  0.00000000e+00  0.00000000e+00  8.00000000e-01  0.00000000e+00
  0.00000000e+00  0.00000000e+00]
Step: 0. 
[ 0.01215064  0.51308003  0.16019114  0.49059409 -0.01978153 -0.12327981
 -0.06231165 -0.07901959  0.25712549  0.47447363 -0.01940472 -0.00476258
  0.          0.          0.          0.          0.          0.
  0.          0.          0.          0.          0.          0.
  0.          0.          0.          0.          0.          0.
 -0.08739513  0.22937223  0.12773275  0.          0.          0.
  0.          0.          0.8         0.          0.          0.        ]
Step: 0. 
[ 0.01226134 -0.13638177  0.0503064   0.26575267 -0.0681115  -0.10770236
  0.05939054 -0.46721681 -0.11723507  0.46036405 -0.01113093 -0.12974306
  0.          0.          0.          0.          0.          0.
  0.          0.          0.          0.          0.          0.
  0.          0.          0.          0.          0.          0.
  0.13799357  0.34924218  0.13449728  0.          0.          0.
  0.          0.          0.8         0.          0.          0.        ]
Step: 0. 
[ 1.22517049e-02 -1.36494606e-01  5.03770970e-02  2.65590171e-01
 -6.69886002e-02 -1.08537022e-01  5.93918324e-02 -4.67220051e-01
 -1.17234551e-01  4.60434757e-01 -1.11386286e-02 -1.29750353e-01
 -2.31301423e-03 -2.70800793e-02  1.69669840e-02 -3.90007875e-02
  2.69494872e-01 -2.00318245e-01  3.09443537e-04 -7.78251858e-04
  1.25177969e-04  1.69696537e-02 -1.84821609e-03 -1.74968300e-03
  0.00000000e+00  0.00000000e+00  0.00000000e+00  0.00000000e+00
  0.00000000e+00  0.00000000e+00  1.37993570e-01  3.49242182e-01
  1.34497277e-01 -9.64689979e-03 -2.20712959e-02 -1.07099630e-02
  0.00000000e+00  0.00000000e+00  8.00000000e-01 -1.67781631e-02
  1.94295265e-02  8.86096595e-03]
Step: 100000. 
[ 3.95496669e-02 -2.83737501e-01 -2.28247131e-01  5.13194815e-01
  3.51080997e-02 -1.71114155e-01 -7.78544361e-02  1.42562661e-01
 -1.87045297e-01 -2.13128624e-05 -1.10865996e-02 -4.99606039e-02
 -5.72463272e-04  4.14877893e-04 -2.01413026e-03  2.48381197e-03
 -7.39157386e-03  2.58756699e-03 -2.59190436e-04  6.11598219e-05
 -9.27343835e-05  1.60673668e-05  8.55943337e-03  5.38546053e-03
  0.00000000e+00  0.00000000e+00  0.00000000e+00  0.00000000e+00
  0.00000000e+00  0.00000000e+00 -1.75242924e-01  2.57900699e-01
  1.06848736e-01 -3.31984357e-05 -1.37490565e-04 -9.07859346e-04
 -7.98523252e-02  5.12793551e-04  7.96311910e-01 -3.23445152e-03
 -1.04904284e-03 -8.74031511e-04]
Step: 200000. 
[-4.20768696e-02 -1.43359918e-01 -7.91463977e-02  1.10852257e-01
  1.09105845e-02 -1.79830361e-01 -8.30272094e-03 -2.58515457e-01
 -6.06575764e-02  1.43936016e-01 -4.51503548e-02 -1.71141720e-01
 -6.16456489e-03  1.47277404e-02  9.52872161e-03 -2.03039931e-02
  1.10827539e-01 -8.90007575e-02 -6.01369116e-04 -1.12170058e-03
  6.82085636e-03 -2.23040219e-02  5.27274246e-02 -2.22823311e-02
  0.00000000e+00  0.00000000e+00  0.00000000e+00  0.00000000e+00
  0.00000000e+00  0.00000000e+00  1.49536533e-01  2.90760636e-01
  1.12097214e-01  1.34694555e-02 -1.08428274e-02  1.84896511e-02
  2.58223960e-01 -5.24379067e-03  8.01265386e-01  1.24661255e-01
 -4.16284097e-02 -1.24272034e-02]
Step: 300000. 
[ 6.66014783e-02  1.52638696e-01 -1.44478665e-01  8.00482291e-02
 -9.58181504e-03 -2.27124844e-01  4.35211407e-02  4.18786179e-02
  2.48848154e-01  1.78445309e-01 -5.25313142e-02 -1.94173211e-01
  4.07034750e-04  1.29012892e-03  2.10446499e-04 -4.39608923e-03
 -7.10634311e-03 -1.64871241e-02 -1.52658177e-04 -4.95034890e-04
  5.65564841e-05 -2.32516160e-03 -7.19112812e-03 -1.54105658e-02
  0.00000000e+00  0.00000000e+00  0.00000000e+00  0.00000000e+00
  0.00000000e+00  0.00000000e+00 -7.97616876e-02  3.21736786e-01
  9.99718063e-02  1.01488033e-04 -2.21435203e-05 -2.55609187e-06
 -2.47963374e-02  5.18484032e-03  7.92816836e-01  1.26276370e-02
 -2.30616467e-03 -1.92331384e-03]
Step: 400000. 
[ 7.28760156e-03 -1.39139317e-01 -1.32903267e-01  3.35154524e-01
 -4.77863406e-02  5.66316812e-03  5.49344475e-02 -4.50352906e-01
 -1.14962644e-01  4.51482898e-01  4.78910002e-02 -1.15154729e-01
  2.85379639e-01 -1.47802196e-02 -6.22493393e-03  2.13904646e-02
  7.97113583e-02  3.26583687e-02  2.61355916e-03 -7.62846777e-04
  1.86979307e-04  8.83602205e-03  4.52608598e-03 -5.38381440e-04
  0.00000000e+00  0.00000000e+00  0.00000000e+00  0.00000000e+00
  0.00000000e+00  0.00000000e+00  1.14895259e-01  3.18079286e-01
  1.40652343e-01 -1.61035682e-01 -1.86670711e-01  8.18760368e-02
 -1.81890034e-01  1.09822255e-02  7.73852242e-01 -7.30920332e-01
 -4.60857781e-02 -1.16809807e-01]
Step: 500000. 
[ 5.85407121e-02  4.31974566e-01 -2.21710950e-02  4.82232707e-04
 -6.51372754e-02 -3.38442826e-01  3.78232869e-02 -2.06950582e-01
  2.16361246e-01  1.73505361e-01 -1.23124483e-03  1.35078281e-01
  9.19984224e-04  1.73711144e-03  8.33843103e-04  2.18488880e-03
 -8.67181868e-03  3.75804305e-03 -3.90082204e-04  2.05995124e-04
 -4.59939156e-04 -4.62216611e-04  4.66389413e-03  7.26786355e-03
  0.00000000e+00  0.00000000e+00  0.00000000e+00  0.00000000e+00
  0.00000000e+00  0.00000000e+00  8.97000702e-02  2.99431695e-01
  9.99912718e-02  2.27258909e-04 -1.80448693e-05  1.38993731e-04
 -9.07258203e-02 -1.03050524e-02  7.73961204e-01 -4.25436052e-03
  1.57307376e-03 -3.96128887e-04]
Step: 600000. 
[ 0.08873243 -0.3887072  -0.06546749  0.09433307 -0.07694563  0.1741163
  0.00989081  0.07785127 -0.22486063  0.30471116 -0.01639591 -0.14638503
  0.00219324 -0.01946342  0.00326449 -0.03062107 -0.03775977 -0.01796095
 -0.00209909 -0.00278665 -0.0140489   0.00541416 -0.12049327 -0.08964151
  0.          0.          0.          0.          0.          0.
 -0.16005174  0.35354867  0.1647853  -0.00370507  0.02645939 -0.02303966
  0.05962888 -0.00296707  0.80297367  0.02838113  0.05843934 -0.01631187]
Step: 700000. 
[-3.77539638e-02 -2.07957146e-01  1.41632500e-01  8.07715568e-02
  9.02244572e-03 -2.54829090e-01  5.95831042e-02 -3.80965281e-01
 -6.51945650e-02  2.81604631e-01 -5.94667958e-02 -2.83516906e-01
 -9.09624244e-04  3.27289839e-03 -2.92037314e-03 -1.38743186e-02
 -1.14739254e-02 -4.26655225e-02  2.61576070e-04  1.27493418e-03
  2.38178173e-03 -1.14499546e-02  8.69420620e-04 -4.31113504e-02
  0.00000000e+00  0.00000000e+00  0.00000000e+00  0.00000000e+00
  0.00000000e+00  0.00000000e+00  1.73016857e-01  3.35634793e-01
  9.99191587e-02 -2.18492161e-04 -4.88283119e-04  2.34607866e-05
  2.62127119e-01 -1.42482954e-02  7.79283519e-01  3.31179085e-02
 -5.69140850e-03 -6.74680901e-03]
Step: 800000. 
[-0.03381389 -0.18823459 -0.08796682  0.01654233  0.00647885 -0.23593858
  0.08026765  0.05737999 -0.01579748  0.31701975 -0.01848376 -0.19267732
  0.00205464 -0.01835347 -0.00734437 -0.00370479  0.02068749  0.00135542
 -0.00087731 -0.00386106 -0.00141774  0.04927371 -0.13604038  0.02809338
  0.          0.          0.          0.          0.          0.
 -0.16533677  0.34631412  0.10741587 -0.10416778  0.11192367  0.09399174
 -0.16296732 -0.00270799  0.79538339 -0.61234323 -0.11482479 -0.02228182]
Step: 900000. 
[-5.57391837e-02 -4.33546739e-01 -1.83247332e-01  2.86600817e-01
  1.64341751e-01 -4.36734230e-02  1.25256500e-02  4.79746559e-01
  1.19595893e-01  3.97505122e-01 -7.60926571e-02 -1.84252608e-03
 -7.59391133e-03 -5.38720070e-02 -1.01987926e-02 -1.87401615e-02
  5.19280900e-02 -5.21262029e-02 -2.16759902e-04 -1.20732158e-04
  1.22362678e-03  5.27834511e-02  1.08655419e-02 -1.40306050e-02
  0.00000000e+00  0.00000000e+00  0.00000000e+00  0.00000000e+00
  0.00000000e+00  0.00000000e+00 -2.83889251e-01  4.07520541e-01
  2.33326643e-01  2.24772631e-01  2.75908618e-01 -7.39813763e-02
  3.14489186e-01  3.05154867e-01  6.38639440e-01  7.11697083e-01
  7.54902966e-01 -6.81066785e-01]
Step: 1000000. 
[ 1.88979752e-03 -4.16521993e-01  2.09645319e-01  3.44440263e-01
  4.86012892e-02  2.35026608e-01 -3.05066541e-02 -1.31890825e-01
 -1.62745608e-01  4.36298476e-01 -9.47044632e-02 -1.20915660e-01
  1.27413507e-04 -1.00830236e-03  2.32512585e-03  1.57020587e-03
 -2.78543846e-03  3.75960437e-03 -1.11277635e-04 -1.26441000e-03
  4.32517360e-04  4.60022784e-03 -1.25605847e-02  5.92809017e-03
  0.00000000e+00  0.00000000e+00  0.00000000e+00  0.00000000e+00
  0.00000000e+00  0.00000000e+00 -3.47084332e-02  2.90859286e-01
  1.00035290e-01 -2.75578866e-03  1.45437351e-04  2.81713552e-03
 -1.29965632e-01 -5.73248230e-02  7.56711180e-01 -2.83039833e-02
 -5.62470836e-03 -4.22460200e-03]
Step: 1100000. 
[ 7.66659490e-02  6.65568331e-02  1.39528821e-01  3.00273913e-01
 -3.28128745e-02 -2.84648318e-01  2.23697149e-02  3.89220640e-01
 -1.40941412e-03  8.67181650e-02  2.27786404e-02 -3.98724384e-01
 -1.52199548e-03 -2.78889529e-03 -2.59223571e-03 -1.35278623e-02
  4.28337782e-03 -4.55567541e-02 -8.48983237e-05 -1.74842192e-03
  2.04379069e-03 -8.29941937e-03  1.48812438e-02 -4.92427844e-02
  0.00000000e+00  0.00000000e+00  0.00000000e+00  0.00000000e+00
  0.00000000e+00  0.00000000e+00 -3.16604371e-01  3.00226829e-01
  9.99961618e-02 -6.61747628e-04  1.35418867e-03 -9.33728058e-05
 -1.07234199e-01  2.29117091e-02  7.74329067e-01  3.43131788e-02
  1.07067448e-02 -6.80502019e-03]
Step: 1200000. 
[ 4.87106874e-02  1.78559490e-01  1.45127777e-01  1.20625284e-01
 -2.10149436e-02 -4.77195973e-02  1.96104371e-02  3.69116295e-01
 -3.61848697e-02  1.26473970e-01 -4.64998942e-03 -2.47935148e-01
 -1.05179675e-03  1.65930828e-03 -7.56190648e-04 -9.87561551e-03
 -2.60919576e-04 -3.53366081e-02  9.30188599e-05 -1.29139653e-03
  1.54798394e-03 -9.41969586e-03  6.26372160e-03 -3.08216260e-02
  0.00000000e+00  0.00000000e+00  0.00000000e+00  0.00000000e+00
  0.00000000e+00  0.00000000e+00 -2.82486384e-01  2.92631630e-01
  1.00559968e-01  2.03434901e-04 -2.07795498e-04  1.88530019e-04
 -2.34210683e-01 -1.65886038e-02  7.90883341e-01  2.67821421e-02
  1.63719482e-03 -4.79952485e-04]
Step: 1300000. 
[ 4.94818205e-02 -1.93039827e-01 -1.33600149e-01  2.24293598e-01
  4.97629878e-02 -2.47956037e-01  6.80893828e-02  3.76879485e-01
 -2.19650822e-01  3.31562042e-01  5.95914101e-02 -1.33717054e-01
 -8.16918297e-04  2.27145796e-02  5.10814832e-03  8.57560603e-03
 -4.27825964e-02  3.81793785e-03  1.72559896e-03 -7.23007582e-04
  3.64881848e-03 -2.60357138e-02  5.31444892e-02 -3.55865657e-02
  0.00000000e+00  0.00000000e+00  0.00000000e+00  0.00000000e+00
  0.00000000e+00  0.00000000e+00 -2.88318563e-01  3.55419513e-01
  2.06188840e-01  1.34207547e-01  1.80124866e-02  8.05925135e-02
  8.00281278e-02  3.81184362e-02  7.96347475e-01  5.66266274e-01
  1.14788738e-01 -1.35176680e-01]
Step: 1400000. 
[-6.72237130e-02  2.93443638e-01 -1.41665697e-04  1.07900060e-01
  5.63470915e-02 -1.01353206e-01 -6.73227425e-02  2.87046461e-01
  1.64628126e-01  8.93335892e-02  2.19616834e-02 -4.95105437e-02
 -6.95593542e-03  9.60624844e-03  9.07240896e-03 -2.21488814e-02
  1.15135466e-01 -8.67706523e-02  2.12595961e-04 -1.28198119e-03
  7.77784512e-03 -2.08857601e-02  2.99142647e-02 -3.63038163e-03
  0.00000000e+00  0.00000000e+00  0.00000000e+00  0.00000000e+00
  0.00000000e+00  0.00000000e+00 -2.29819832e-01  2.46207587e-01
  1.45445072e-01 -7.53613496e-02 -7.49333703e-03 -8.97541175e-02
 -9.76023935e-02 -2.20993492e-02  8.21722908e-01 -4.30096078e-01
 -3.87316510e-02 -3.18488001e-02]
Step: 1500000. 
[ 3.06554640e-02 -2.99938222e-01 -1.78700558e-01  2.91384416e-01
  7.26253164e-03 -6.96477532e-01  6.52824365e-02 -4.54600722e-01
  7.14022474e-02  2.66821406e-01 -1.92834592e-01 -5.73659053e-01
 -2.74050445e-03  2.23225630e-02 -2.86956145e-05 -3.01766149e-04
 -5.19400736e-03 -1.06868070e-02 -1.16313110e-03  1.68447909e-04
 -2.67364173e-03 -2.66139295e-02 -4.45055800e-02 -4.18743382e-02
  0.00000000e+00  0.00000000e+00  0.00000000e+00  0.00000000e+00
  0.00000000e+00  0.00000000e+00  2.65236321e-01  3.12992939e-01
  1.69589400e-01  2.28508360e-01 -7.52160346e-02  2.86088192e-01
  7.43248701e-01 -1.21910194e-01  5.78686840e-01  9.17059207e-01
 -2.38050013e-01 -6.90330453e-01]
Step: 1600000. 
[-3.40193986e-02  3.13165237e-01  2.04290671e-01  5.94121026e-02
  2.59678275e-02  1.85377461e-02 -6.83031504e-02  1.17059760e-01
  1.66300617e-01  1.30023776e-01 -3.52575952e-03 -1.59031920e-01
 -3.62125732e-03  1.88711792e-03 -2.75999935e-03 -2.53744648e-02
  6.32948469e-02 -5.65327044e-02  5.79912433e-05 -2.51503329e-04
 -3.47828945e-04 -6.66817179e-03  8.77154310e-04  5.07796991e-04
  0.00000000e+00  0.00000000e+00  0.00000000e+00  0.00000000e+00
  0.00000000e+00  0.00000000e+00 -1.40211166e-01  2.59161330e-01
  1.12365794e-01 -2.02836582e-02  5.85639768e-03  9.36932359e-03
 -1.15752702e-01  4.29054928e-02  8.19869355e-01 -1.24701703e-01
 -4.49694873e-02 -2.22813144e-03]
Step: 1700000. 
[ 3.47435206e-02  1.08859061e-01  1.43882873e-01  5.15480031e-02
  5.03058785e-02 -3.14300655e-01 -2.74974193e-02  1.42553880e-02
  1.85297835e-01  5.09368880e-01 -7.54512643e-02 -8.36613128e-01
 -2.17538970e-03  3.03894306e-02  1.67448644e+00  3.63146752e-03
 -1.30954462e-03 -2.25120372e-03 -2.35565691e-03 -2.68235178e-04
 -1.01403152e-03 -2.46546081e-02 -4.77918097e-03  4.46369450e-03
  0.00000000e+00  0.00000000e+00  0.00000000e+00  0.00000000e+00
  0.00000000e+00  0.00000000e+00 -1.00998576e-01  2.46028337e-01
  1.82216752e-01  3.07721069e-01 -3.86761732e-03  2.30046280e-01
  4.62187798e-01  9.09394556e-02  6.09156443e-01  1.19296678e+00
  1.22081721e-01 -8.88521950e-01]
Step: 1800000. 
[-9.46091315e-02 -4.67222879e-01 -6.96359559e-01 -2.95630283e-04
  7.99863453e-03  3.36576484e-02 -7.52721820e-02 -1.27929227e-01
  1.58699168e-01  3.04818290e-01 -8.05631794e-02 -7.86430775e-01
 -6.09676681e-01 -1.56160660e+00 -3.98803856e+00  1.82223923e-02
 -1.45813560e-03 -1.00839925e-02 -1.93482831e-01  3.07964837e-03
  9.01911523e-03 -1.12558536e+00  9.31441449e-02 -5.00485869e-02
  0.00000000e+00  0.00000000e+00  0.00000000e+00  0.00000000e+00
  0.00000000e+00  0.00000000e+00 -2.94104326e-01  1.55164652e-01
  1.42120046e-01 -2.21608135e-01  1.81828255e-01  2.13572039e-01
  1.60332237e-01  9.25265870e-02  7.11221531e-01  6.34189523e-01
  3.93196010e-01 -4.19345270e-01]
Step: 1900000. 
[-6.78619495e-02 -3.24233661e-01 -2.36927107e-01 -1.87082455e-03
  3.69564840e-02  2.02699599e-01  4.77322394e-02  7.28775499e-02
  2.23568337e-01  1.72639517e-01 -1.55407030e-01 -7.52312055e-01
 -1.98625991e-02 -1.27658982e-01 -4.31709508e-03  1.16145423e-01
 -3.20153255e-02 -1.22114288e-01  7.88935487e-04 -1.41034300e-02
  6.10697091e-03  5.70366287e-02  1.18181191e-02 -1.57845149e+00
  0.00000000e+00  0.00000000e+00  0.00000000e+00  0.00000000e+00
  0.00000000e+00  0.00000000e+00 -1.93158476e-01  3.09996085e-01
  1.37856292e-01 -4.86286816e-01 -2.52027913e-01  7.83128865e-02
  6.51287306e-03 -1.56245718e-02  8.00828378e-01  5.28665735e-02
 -5.93281538e-03  3.34718117e-02]
Step: 2000000. 
[ 3.23486148e-03 -5.79051435e-01 -4.82186634e-01  3.01130424e-01
  3.69978340e-02 -3.05130402e-01 -7.93100142e-02  1.09995138e-01
 -2.00649991e-02  1.76301169e-01  4.45763413e-02 -7.86873685e-01
 -5.56087067e-03 -1.07743979e-01 -4.07462398e+00  8.30734942e-03
 -6.68012926e-02  2.01047549e-02  2.11102303e-01  5.69313285e-03
  2.54842961e-04 -2.67339002e-02 -5.94732894e-04  8.80304897e-02
  0.00000000e+00  0.00000000e+00  0.00000000e+00  0.00000000e+00
  0.00000000e+00  0.00000000e+00 -2.64085401e-01  1.88968667e-01
  1.54428340e-01 -6.10772729e-01 -8.13146418e-01 -3.74061660e-01
  5.40031369e-02  3.37136222e-03  7.95429767e-01  2.81440330e-01
  2.58427336e-01 -4.46686665e-01]
Step: 2100000. 
[-2.10519456e-01 -7.87415167e-01 -8.02068058e-01 -1.02373529e-03
  3.33075213e-02 -8.01589085e-01 -3.18553468e-03  5.32240611e-01
 -1.02010308e-01  3.34724917e-01 -1.59262615e-01 -8.30672322e-01
 -1.44527917e+00  1.19002204e-01 -7.78909722e+00 -6.40034792e-02
 -2.84808089e-03  9.87824885e-01  1.61412557e-02  1.02949331e-01
 -7.55711591e-04 -1.46026195e-02  2.08148317e-02 -2.86117332e-02
  0.00000000e+00  0.00000000e+00  0.00000000e+00  0.00000000e+00
  0.00000000e+00  0.00000000e+00 -3.45706805e-01  3.56072448e-01
  1.90377573e-01  8.74700165e-02 -3.17514795e-03  6.62326368e-02
  1.42887137e-01  5.00471543e-02  6.52314835e-01  4.03327587e-01
  3.26084967e-01 -5.20359012e-02]
Step: 2200000. 
[-2.00990159e-01  7.59508283e-01 -7.85452135e-01 -3.92497654e-04
 -2.33523477e-03 -7.85441418e-01 -1.48404629e-01 -1.20612501e+00
 -1.70729724e-01  1.47678162e-02  4.72150327e-02 -3.48394238e-01
 -7.07000191e-01 -1.79000873e+00  3.24812919e-03  1.84998950e-02
  1.38639084e-03  2.78419739e-03 -1.43966814e-04 -2.76223203e+00
 -2.81636964e-04  8.70199503e-05  4.74840997e-04  2.91528050e+01
  0.00000000e+00  0.00000000e+00  0.00000000e+00  0.00000000e+00
  0.00000000e+00  0.00000000e+00  3.92083066e-01  3.66507876e-01
  1.39991516e-01 -3.34348608e-01  6.97554259e-01  2.82094316e-01
 -2.12760155e-01  1.84157194e-01  4.32991085e-01 -8.27309858e-01
  4.44419294e-01 -1.19439424e+00]
Step: 2300000. 
[-5.21450451e-02  2.50031373e-01 -7.88376283e-01 -1.66787430e-02
  8.44559781e-02 -7.86663646e-01 -9.28753128e-02 -3.75204588e-02
 -1.47739251e-01  3.57154130e-01 -9.47083679e-03 -8.27884515e-01
 -1.69430332e-01 -3.31321006e-02  1.78695604e-01  9.99577945e-01
 -6.14677236e-03 -5.00459694e+00 -1.02876056e-03 -1.76542196e+00
  1.42205942e-03  1.13370729e-03 -5.24658687e-04  0.00000000e+00
  0.00000000e+00  0.00000000e+00  0.00000000e+00  0.00000000e+00
  0.00000000e+00  0.00000000e+00 -3.11589039e-01  2.44370493e-01
  1.22365895e-01 -3.81349322e-01 -7.91648905e-02 -3.79503015e-01
  1.12773117e-01  1.85505045e-02  6.79919090e-01  8.47400012e-01
  1.33517918e-02 -1.24811861e+00]
Step: 2400000. 
[-1.39433617e-01  1.02509529e-01  2.66975143e-01  8.31131442e-02
  7.00580553e-03 -7.90103434e-01 -9.80480335e-02 -2.07991789e-02
 -2.58815535e-01  2.17485670e-03 -1.55554311e-02 -7.10987533e-01
 -1.22136999e-01 -9.23037507e+00 -1.07291431e+01 -7.51165931e-02
 -1.63563215e-03  2.82326044e-01 -2.42542934e-01 -8.88724103e+00
 -4.15190760e+00 -9.80083936e-04  4.89861114e-05  1.24725562e+01
  0.00000000e+00  0.00000000e+00  0.00000000e+00  0.00000000e+00
  0.00000000e+00  0.00000000e+00 -3.44841791e-01  2.49966298e-01
  1.43662989e-01 -3.34424209e-01 -6.09763491e-01 -9.67521045e-02
  1.43695344e-01 -2.46363518e-02  6.23834748e-01  1.20665792e+00
  2.88750882e-01 -1.18284588e+00]
Step: 2500000. 
[ 1.59772520e-01 -1.73356056e-01 -7.70292091e-01 -1.02021846e-04
  2.14885620e-01 -8.42873611e-01 -5.64684753e-01 -1.29728303e+00
  1.78212454e-01 -4.35060331e-05 -2.63909855e-01 -6.27282191e-01
  7.20779434e-02 -3.52808628e-04  5.15819676e+00  5.86907790e-03
 -7.68520660e-04 -8.43359246e-05 -6.79355916e+00 -1.44082876e+00
  5.90155564e-03 -1.42886082e-03  5.86382003e-02  2.38809832e+01
  0.00000000e+00  0.00000000e+00  0.00000000e+00  0.00000000e+00
  0.00000000e+00  0.00000000e+00  1.13143180e-02  4.15958482e-01
  1.51179422e-01  2.31105394e-01  2.17089309e-01  6.69794631e-01
  2.80846995e-01 -7.22704827e-02  5.07113838e-01  7.44252785e-01
 -1.64364162e-01 -1.01005549e+00]
Step: 2600000. 
[-8.12626060e-02  3.58741400e-01 -6.29206645e-02 -3.48535703e-02
 -1.04355278e-02 -8.60950383e-01 -7.75553885e-02 -1.36479173e-02
 -9.51178957e-02 -7.17833167e-03 -8.40688282e-02 -1.47933081e-01
  1.09335180e+00  7.87228217e+00 -2.34786048e+01 -1.87431896e+01
  1.26532276e-06 -3.37138469e+01 -3.88767666e-01  1.96688485e-01
 -2.49689857e-05  4.30662360e-01  2.37820696e-04 -7.44224267e+00
  0.00000000e+00  0.00000000e+00  0.00000000e+00  0.00000000e+00
  0.00000000e+00  0.00000000e+00 -1.83337888e-02  2.59656735e-01
  1.06192991e-01 -6.55879064e-01  3.33922526e-01  7.21235320e-01
  5.03986525e-03 -4.96136824e-03  8.00162039e-01  4.54846775e-01
 -6.87554972e-01  1.98046102e-01]
Step: 2700000. 
[ 1.00916118e-01 -3.60171030e-01 -6.29680372e-01 -1.07404554e-02
  4.06369571e-02 -7.85415463e-01 -1.39274137e-01 -5.15064267e-01
  4.88175276e-02 -4.45753810e-03 -2.68072681e-01 -7.89996578e-01
  2.06514312e+00 -6.91910654e-01 -3.16337475e-04  6.47480871e-01
  1.03554268e-03 -2.60986345e-04  2.53768786e-01 -2.94292361e-03
  1.73801827e+01 -2.84964530e+00  3.76420867e-01  1.66935571e+01
  0.00000000e+00  0.00000000e+00  0.00000000e+00  0.00000000e+00
  0.00000000e+00  0.00000000e+00 -2.30708114e-01  3.13200875e-01
  2.46613085e-01 -5.29091329e-01 -7.50338663e-02 -2.80300072e-01
  1.24559936e-01 -1.24942842e-01  6.95557282e-01  7.33124839e-01
 -4.62771193e-01 -1.55509794e+00]
Step: 2800000. 
[-7.04372554e-01 -7.98313560e-01 -9.57944002e-02  8.84723453e-02
  2.48231454e-01 -7.87421355e-01 -7.91479410e-02 -5.30893818e-01
 -3.25387685e-02 -3.40355471e-03  2.41012823e-01 -8.04891066e-01
 -6.30823606e+00  7.60164147e-01 -4.75859097e-02 -4.78588448e+00
 -8.13443692e-03  1.20821571e-01  1.25256554e+00 -5.16042776e+00
 -2.93637548e+00  2.04200152e-01 -1.01395810e-02  1.16958394e+00
  0.00000000e+00  0.00000000e+00  0.00000000e+00  0.00000000e+00
  0.00000000e+00  0.00000000e+00 -3.92341161e-01  3.52463152e-01
  1.81639033e-01 -5.97417171e-01  9.20583773e-01 -4.68971439e-01
  1.04109857e-01  5.01047373e-02  6.28755319e-01  5.97901321e-01
  3.35498217e-01 -1.95690846e+00]
Step: 2900000. 
[-2.70002258e-01  2.45173760e-01  1.72287408e-01  2.81089745e-01
  4.49988029e-02 -8.28529448e-01 -2.21302620e-01 -3.45328730e-01
  4.37260063e-01  4.73564794e-01  3.46876884e-03 -8.36967923e-01
 -5.03943963e-01 -4.96488608e+00  4.91798282e+00  3.48562483e-05
  8.50298744e+00 -2.61577142e-08 -3.63209292e+00  2.19820661e-05
 -1.31198694e-07 -1.73253535e+00  7.14104615e-05  3.55271368e-15
  0.00000000e+00  0.00000000e+00  0.00000000e+00  0.00000000e+00
  0.00000000e+00  0.00000000e+00 -9.93984684e-02  2.21041199e-01
  1.67604429e-01 -1.26966793e+00 -7.04406744e-01  9.14873095e-01
  1.91543251e-02  1.22289475e-02  7.89677382e-01  3.76406598e-01
  3.03367186e-02 -8.52719447e-03]
Step: 3000000. 
[ 9.13260954e-02 -3.94207824e-01 -3.88254665e-01 -4.08331028e-02
  3.56185195e-01 -8.66773589e-01 -1.60280516e-01 -1.14194399e+00
 -3.59735038e-01  2.10809864e-01 -3.94189628e-01 -8.07726832e-01
 -3.19948619e+00  4.99511356e+00 -3.32208370e-05 -1.12661048e+01
 -6.62076574e-07 -2.25691452e-06 -1.05140967e+01 -1.04033354e-04
 -1.42598862e+01 -8.78853052e-06  1.04127615e+00 -7.66904452e+00
  0.00000000e+00  0.00000000e+00  0.00000000e+00  0.00000000e+00
  0.00000000e+00  0.00000000e+00 -1.63557080e-01  3.20692467e-01
  1.44626139e-01 -5.56767586e-01 -2.94004000e-01  1.61227726e-01
  1.73816730e-01 -5.38457989e-02  6.46874398e-01  8.57225677e-01
  1.32740989e-01 -1.91288820e+00]
Step: 3100000. 
[-1.48526704e-01 -7.44245182e-01 -7.89955568e-01 -1.44523701e-03
  2.68570952e-01 -8.40616114e-01  1.51291470e-01 -6.75122257e-01
  2.97334263e-02  5.95379999e-02 -3.11454827e-01 -6.41223731e-01
 -4.44799808e+00  1.04349342e+01  2.73454078e-01 -1.90129588e-02
 -2.56176641e-01 -2.04417165e-02 -2.31918430e+00  9.21780872e+00
 -1.52123833e+01 -2.81374240e-02 -7.04082718e+01 -1.40680735e+01
  0.00000000e+00  0.00000000e+00  0.00000000e+00  0.00000000e+00
  0.00000000e+00  0.00000000e+00 -8.58876663e-02  5.18362575e-01
  3.30839293e-01 -1.01471746e+00  8.35485727e-01  1.27069523e+00
  1.27085437e-01 -2.27566575e-02  8.37847987e-01  9.98084533e-01
  4.58337046e-01 -2.23822335e-02]
Step: 3200000. 
[ 2.16256579e-02  5.75975818e-01 -4.28663515e-01 -7.95159775e-03
 -3.15341063e-02 -7.63798483e-01 -4.98882750e-02  1.95124880e-01
  1.32539187e-01 -4.51901967e-02 -3.17376767e-01  6.71085252e-02
 -9.74345621e-01  6.95329694e+00  2.04538388e+00  4.77091483e-01
  8.88178420e-16  1.28553561e+01 -6.17363368e-01  3.26924099e+00
  2.45684789e-06 -2.51001904e-08  3.21344778e-07 -1.68415227e+01
  0.00000000e+00  0.00000000e+00  0.00000000e+00  0.00000000e+00
  0.00000000e+00  0.00000000e+00 -5.24303850e-02  3.16757044e-01
  1.52580951e-01 -1.34131133e-01  1.79252065e-01  6.42380281e-01
  1.97686382e-02 -1.59981212e-02  8.20773208e-01  2.24828442e-01
 -2.19585910e-01  1.93468473e-01]
Step: 3300000. 
[-8.01096026e-02  2.91787691e-01  1.60468029e-01  7.89384024e-01
  2.65199182e-01 -9.30993526e-01 -5.29533372e-02 -3.76740159e-01
 -7.22130611e-01  2.27482613e-01 -1.82974649e-01 -8.41740875e-01
 -1.73581193e-05 -1.82545958e-01 -1.32074847e+00  4.33306002e+00
 -2.04010751e-01  3.55271368e-15 -2.86215214e-01  6.28507947e-06
  5.08253861e-08 -1.02142588e-04  4.63112468e-05 -1.65114624e+01
  0.00000000e+00  0.00000000e+00  0.00000000e+00  0.00000000e+00
  0.00000000e+00  0.00000000e+00  1.67672311e-02  3.94687363e-01
  1.83390483e-01 -4.38102500e-01  3.31839307e-01  1.17742535e-01
  1.24812707e-02 -1.49968503e-02  8.24340079e-01  1.22285873e-01
 -1.81606365e-01 -2.82358867e-01]
Step: 3400000. 
[ 3.46515921e-02 -7.89772362e-01 -2.80505934e-01  8.04273161e-02
  2.89064557e-01 -7.97411098e-01 -2.92723393e-02 -9.64363083e-01
  1.11450989e-01 -4.17663388e-02 -6.89288149e-02 -8.03028527e-01
  2.80019170e+00  2.62874619e-01  1.47010993e+01 -2.77512746e+00
 -7.91512564e+00  7.20770647e-01  1.67372603e+00 -6.07713428e+00
 -6.83226883e+00 -4.42538341e-06 -7.46028330e-04  1.05783162e+00
  0.00000000e+00  0.00000000e+00  0.00000000e+00  0.00000000e+00
  0.00000000e+00  0.00000000e+00 -9.77528582e-02  2.76651411e-01
  1.79343987e-01  1.38510176e-02  1.92979886e-01 -3.73846754e-01
  1.05556761e-01  1.29411812e-02  8.20695115e-01  5.12875959e-01
 -2.58411468e-02 -8.17189055e-01]
Step: 3500000. 
[ 2.66715884e-01  7.62550979e-01  2.83514922e-01  6.65821096e-01
  2.43144229e-01 -7.37623540e-01  1.64166150e-02  1.13389980e-02
 -1.24897664e-01  7.89056406e-02  3.87622879e-01 -7.91149524e-01
 -6.49573283e-01  7.27895465e-03  8.36835883e+00 -1.83567206e-01
  1.61737970e-04 -7.53780543e-04  2.10350968e-01 -1.71065041e+00
 -3.31793405e+00 -8.95225433e-02  3.36716167e+01  3.45091463e-01
  0.00000000e+00  0.00000000e+00  0.00000000e+00  0.00000000e+00
  0.00000000e+00  0.00000000e+00 -1.49380832e-01  4.01258743e-01
  1.99585936e-01 -1.11791404e+00  5.79683074e-01 -1.54680805e-02
  1.86912619e-01 -1.14389133e-01  6.54877321e-01  7.36132488e-01
 -2.46426705e-01 -2.05581109e+00]
Step: 3600000. 
[ 4.74871410e-02  1.28526237e-01 -7.95074287e-01  3.42306753e-01
  3.16216574e-01 -7.92067222e-01  2.14722922e-01 -1.08335023e+00
  3.91981364e-01 -2.52576140e-03 -4.98919424e-01 -7.22517494e-01
 -5.34417897e-01 -6.95999793e+00  9.09432225e+00 -8.14439036e-02
 -1.06740932e-02  4.02151645e-01  3.93191255e-02 -9.40378443e+00
  1.49743932e+01  1.51540911e-01  0.00000000e+00 -1.61297539e+01
  0.00000000e+00  0.00000000e+00  0.00000000e+00  0.00000000e+00
  0.00000000e+00  0.00000000e+00 -8.35915869e-02  5.00815700e-01
  1.96521969e-01  7.29192369e-02 -4.77097714e-01 -6.48469466e-01
  2.44479136e-01 -5.19805982e-02  5.76204119e-01  7.59847883e-01
  5.32233230e-01 -1.79667947e+00]
Step: 3700000. 
[ 8.41561955e-02 -5.87931539e-01  1.15031749e-01  7.25788156e-01
  2.38158145e-01 -1.00576933e+00  8.79574699e-02  1.47307093e-01
 -1.20840279e-01  2.16812000e-01 -2.42898979e-01 -4.91736478e-01
 -6.67959962e-07 -3.25049840e+01 -5.34943873e+00  2.66262946e+01
  3.39355272e-05  0.00000000e+00 -9.29695289e-01 -1.95717393e+01
  8.94512338e+00  1.08778115e-08 -3.03234669e+01 -1.35422933e+01
  0.00000000e+00  0.00000000e+00  0.00000000e+00  0.00000000e+00
  0.00000000e+00  0.00000000e+00 -1.84801497e-01  3.27967032e-01
  1.30188851e-01 -2.26186803e-01 -1.10826331e-01 -2.23459803e-01
  3.20259539e-03  5.12715464e-03  8.12256769e-01  3.34361537e-01
  7.90438742e-02 -1.55855207e-01]
Step: 3800000. 
[ 2.78241937e-01 -3.58328079e-01  3.78207285e-01 -1.05464534e-02
  2.46984789e-01 -6.28686215e-01 -4.03899439e-01 -2.45832795e-01
 -6.74361528e-01  9.64278013e-02 -3.29341812e-01 -8.56993520e-01
 -4.37458340e-02  9.82856840e+00  1.06035041e+01  6.32784676e-01
 -1.35132434e-04  4.67559848e+00  6.09295707e+00  1.79400737e+01
  7.33127280e+00 -1.01788382e+01  2.79654486e+01  4.78255718e-07
  0.00000000e+00  0.00000000e+00  0.00000000e+00  0.00000000e+00
  0.00000000e+00  0.00000000e+00 -3.12183184e-01  2.60845277e-02
  1.72182247e-01 -2.10329880e+00  1.66573008e-01  7.57167846e-01
  1.53350756e-01  7.15872592e-02  6.38280786e-01  9.61864967e-01
  1.95547608e-01 -1.48820698e+00]
Step: 3900000. 
[-4.66595365e-01  2.68551297e-02  6.76175846e-01  1.32787637e+00
 -2.58104215e-02 -9.57680565e-01 -8.34381028e-01 -1.39758796e+00
  4.69009739e-01 -6.49240006e-02  2.19180400e-02 -7.85448955e-01
 -5.20710153e+00 -4.61376412e+00 -6.53238677e+00  3.83075070e+00
  1.48837247e-06  4.91586082e+00 -3.78066956e-05  7.96773127e-02
 -7.79785472e+00 -5.95347847e-04 -1.41783400e+01  2.93654313e-03
  0.00000000e+00  0.00000000e+00  0.00000000e+00  0.00000000e+00
  0.00000000e+00  0.00000000e+00  1.45655007e-01  3.45097060e-01
  1.58283248e-01 -2.78029559e+00  1.73750236e+00  2.28987652e+00
 -3.77734107e-03 -2.21256199e-01  4.66381650e-01  2.81808706e-01
 -3.23333432e-01 -6.56099496e-01]
Step: 4000000. 
[-8.70213424e-02  3.97555177e-01 -2.81147582e-01  7.94699576e-03
 -1.12031942e-01 -7.86447087e-01  5.58151713e-02 -6.93660332e-01
  6.13466089e-01 -3.88281751e-03 -4.04102113e-02 -9.38498666e-01
 -3.90079125e+00  1.90882937e+00  1.61682517e+00 -1.80435047e-02
 -3.17469489e+01  6.29452359e-02 -1.37904819e+00  1.32704415e-03
  9.30631807e+00  2.32969051e-01 -9.55221873e+00  1.27964897e+00
  0.00000000e+00  0.00000000e+00  0.00000000e+00  0.00000000e+00
  0.00000000e+00  0.00000000e+00 -7.45139841e-02  5.54922557e-01
  1.78248406e-01  6.06629222e-02  9.83977759e-01  3.25873404e-01
  1.35963474e-01 -2.22886033e-02  6.16343215e-01  4.28499620e-01
 -7.10165680e-02 -1.72615122e+00]
Step: 4100000. 
[-8.12757633e-02 -7.40556895e-01 -5.54761385e-01 -2.34624365e-02
  1.93656560e-01 -7.94182874e-01 -1.33532024e-01 -3.83065324e-01
 -2.14764930e-01 -1.07475645e-02  4.71575699e-01 -8.64710703e-01
 -1.86925048e+00  5.34289678e+00 -2.98347034e+01 -7.61225769e+00
 -2.86975977e+00 -9.12958004e+00 -2.48394267e+00 -2.08349954e-01
 -1.51800197e+01  5.62913682e-01  7.48211611e+01  0.00000000e+00
  0.00000000e+00  0.00000000e+00  0.00000000e+00  0.00000000e+00
  0.00000000e+00  0.00000000e+00 -3.61061197e-01  8.76803112e-02
  1.63328983e-01 -6.71309617e-01 -6.71113285e-01  1.33753420e+00
  8.91899230e-02  1.20083994e-01  7.33516060e-01  9.19392040e-01
  7.19951006e-01 -1.24065278e+00]
Step: 4200000. 
[ 5.96635361e-03 -4.95050221e-01  1.81511952e-02  2.74365325e-01
  3.35360465e-02  6.06879127e-03 -5.58364728e-02  2.65946194e-01
  2.81705455e-01  1.29734414e-01  7.64660800e-02 -4.78451789e-02
 -9.18848437e-05 -9.21676613e-04 -9.16582707e-05 -5.62286553e+00
  2.87068575e+01 -1.58956688e+01 -8.71743682e-01  0.00000000e+00
 -4.78553198e-01  8.50605832e-04  1.79862587e-04 -1.22211945e+01
  0.00000000e+00  0.00000000e+00  0.00000000e+00  0.00000000e+00
  0.00000000e+00  0.00000000e+00 -2.18369172e-01  2.62126568e-01
  1.44411771e-01 -1.03398511e+00 -4.16473906e-01  5.56938917e-01
  1.98444952e-03  1.15759893e-03  8.00646878e-01  3.24710152e-01
 -5.41466195e-03  3.97292324e-02]
Step: 4300000. 
[ 5.34380170e-01 -2.09995728e-01  3.13565957e-01  1.84122255e-01
  2.35273152e-01 -8.24862281e-01 -6.78872585e-01 -8.38220699e-01
 -8.16721787e-01 -8.98689037e-03  1.69336264e-01 -7.72895896e-01
  3.22209572e+00  5.80923010e+00  4.99798508e-05 -1.11767043e+01
  2.24077165e+00  2.10629099e+01  4.21247592e+00 -8.54825696e-05
 -1.01830627e+01  5.39021093e-01 -5.63309273e+01  4.26970066e+00
  0.00000000e+00  0.00000000e+00  0.00000000e+00  0.00000000e+00
  0.00000000e+00  0.00000000e+00 -2.96442609e-02  3.22019950e-01
  1.74224645e-01 -6.11502656e-01  6.32661649e-01 -1.19182409e-01
  1.81669267e-01 -1.85719831e-01  4.26589631e-01 -1.62686818e-01
 -1.56417578e-01 -1.33676706e-01]
Step: 4400000. 
[-1.19853251e-02  3.85298409e-01 -6.38916332e-01 -8.34514068e-02
 -7.46027500e-02 -8.38209922e-01  9.86353257e-02  5.29971108e-02
 -8.37092365e-02 -1.44123805e-02 -2.70605624e-01 -6.73119332e-01
 -7.92506564e-05 -4.15687825e+00 -8.78592071e+00  8.88178420e-16
 -2.78107196e+01 -1.46421669e-04  1.20749320e+00 -4.62551856e-05
  2.89429399e+00 -1.02758115e+01 -5.46472585e+01 -1.85560022e+01
  0.00000000e+00  0.00000000e+00  0.00000000e+00  0.00000000e+00
  0.00000000e+00  0.00000000e+00 -1.38541323e-01  3.65659799e-01
  1.35002076e-01  1.26405917e-01  6.73652696e-01  7.00440009e-01
  2.38011774e-02 -2.11727219e-02  7.96188018e-01  7.12240366e-01
 -4.17921850e-01 -1.17192049e-01]
Step: 4500000. 
[-6.46565433e-02  3.60764377e-01 -1.44110786e-01  1.45541308e-01
  9.61808479e-02 -9.68103945e-01  1.96936676e-01 -2.31382039e-01
  6.51861719e-04  3.85782994e-02 -1.51628178e-01 -6.92494070e-01
 -1.43133468e+00 -3.50637360e+00  3.77906563e+00  1.43632101e+01
  0.00000000e+00 -2.66796832e-07 -5.79012430e-01 -6.95174549e-08
 -5.98302027e-06 -7.21002463e+00  2.70544376e+01  2.24500727e+01
  0.00000000e+00  0.00000000e+00  0.00000000e+00  0.00000000e+00
  0.00000000e+00  0.00000000e+00 -2.25482507e-02  5.05991767e-01
  2.56596430e-01  9.90286881e-01 -9.52386740e-02 -7.10314215e-01
  8.82749789e-02 -7.57100621e-02  7.98868856e-01  2.64487674e-01
  3.51523750e-01 -3.92093488e-01]
Step: 4600000. 
[ 1.33324254e-01  7.86994243e-01 -5.03083408e-01  6.10968058e-02
  1.48686143e-01 -3.17292181e-01 -1.04447964e-01  7.39925895e-02
  2.78571292e-01  3.78768695e-01  3.01495197e-01 -7.22610419e-01
 -1.40304265e-01 -9.57469708e-02 -8.71957123e+00  1.11918972e-01
 -1.42425660e-02 -2.75951546e-02 -4.08518886e+00 -5.39125039e-02
 -2.75921723e+00  3.70099306e-02  2.74025703e+01  1.66549103e+01
  0.00000000e+00  0.00000000e+00  0.00000000e+00  0.00000000e+00
  0.00000000e+00  0.00000000e+00 -3.36618980e-02  2.40094340e-01
  1.46214857e-01 -3.41041436e-01 -4.46386396e-01  1.32441859e+00
  2.73492998e-03 -1.24634787e-02  8.14217880e-01 -3.99481523e-02
 -1.89820616e-01  4.46366401e-01]
Step: 4700000. 
[ 2.08746065e-02  5.44335279e-01 -6.42764708e-01  5.11115294e-01
  3.43009517e-01 -8.29953854e-01 -6.67821861e-02  9.43716518e-01
 -2.39110025e-01  3.33776318e-01 -1.63260252e-01 -7.09104557e-01
  2.45102595e+00 -5.65856358e-06 -9.27691559e+00 -1.12720808e+01
 -1.00426934e-07  3.87700588e+00  6.26994331e-01 -8.22213185e+00
 -1.17268954e+01  2.25654730e+00  2.39587417e+01  0.00000000e+00
  0.00000000e+00  0.00000000e+00  0.00000000e+00  0.00000000e+00
  0.00000000e+00  0.00000000e+00 -3.75227984e-01  3.10573084e-01
  2.52132703e-01 -1.74329658e-01  1.70093052e-01 -5.99379950e-02
  2.21651007e-01  1.57762124e-02  4.92499439e-01  1.70351754e+00
  1.05411503e-01 -1.76631703e+00]
Step: 4800000. 
[-1.67432016e-02  2.47270751e-01  1.51673340e-01  1.06189273e-01
  2.66684126e-01 -7.89281750e-01 -5.06014547e-02 -2.15282512e-01
  7.35045974e-01  1.74783072e-01  2.33216263e-01 -7.90442461e-01
 -1.69977328e-01  1.59165665e+01 -6.06313718e-02 -5.47894239e-02
 -2.96261260e-01  2.31535617e-01 -7.35245647e+00  2.07007672e+01
 -5.22458661e+00 -1.97294967e+01 -3.14921470e+01  3.02667649e-01
  0.00000000e+00  0.00000000e+00  0.00000000e+00  0.00000000e+00
  0.00000000e+00  0.00000000e+00 -2.35298416e-02  3.33868350e-01
  2.28849129e-01 -1.69286822e-01  9.00732790e-01 -2.93195688e-01
  7.83801854e-02 -3.60114889e-03  8.66993438e-01  3.75413751e-01
 -2.76275776e-02 -3.42711612e-01]
Step: 4900000. 
[-4.30579757e-02 -6.51056388e-01  1.18519382e-02  9.64487115e-02
 -2.02169276e-01 -6.98181026e-01 -7.43079686e-02 -9.12456037e-01
  3.78016352e-01 -2.76973893e-02 -2.85186060e-01 -7.92707202e-01
  3.09737875e+00  1.73574351e-02  1.57818395e-03  5.36729262e+00
  4.40144299e-03 -4.41419855e-03  7.68490296e+00  8.08646484e-02
 -2.99884129e+00  1.53241179e+00 -7.38431296e+01  4.38552140e-01
  0.00000000e+00  0.00000000e+00  0.00000000e+00  0.00000000e+00
  0.00000000e+00  0.00000000e+00  8.75737331e-02  2.05372879e-01
  1.66043339e-01 -8.09231372e-01  1.07998171e+00 -6.89987124e-01
  2.34698185e-02  2.15396229e-02  8.53775701e-01 -5.25522084e-02
 -2.23882751e-01 -1.14444836e-01]
Step: 5000000. 
[-7.12686468e-02 -6.65608861e-01  1.28887850e-01  8.11045111e-02
  3.18743031e-02 -2.46180379e-01 -4.42443807e-02 -5.19629020e-01
  5.57212905e-01  3.70922345e-01  2.65525599e-01 -7.97757663e-01
 -5.75230003e-01 -1.70964020e+01  6.57502827e+00  9.55694962e+00
 -1.09469051e-03 -4.57104035e+01  2.94170317e+00 -1.33209753e+01
  1.84840746e+00  1.03155005e+01 -2.23595945e-01  7.41579804e-01
  0.00000000e+00  0.00000000e+00  0.00000000e+00  0.00000000e+00
  0.00000000e+00  0.00000000e+00 -7.58396328e-02  1.98068412e-01
  1.72627685e-01 -1.43213494e+00  1.58021907e-02  1.22074342e+00
  1.86377483e-02  2.29302659e-02  8.60164877e-01  2.36497009e-01
 -1.06701196e-01  1.55094143e-01]
Step: 0. 
[-0.02423289  0.1858322   0.15558923  0.25670022 -0.06783992  0.20243432
 -0.02181684 -0.05823072 -0.23216777  0.00523381  0.03644877  0.01043683
  0.          0.          0.          0.          0.          0.
  0.          0.          0.          0.          0.          0.
  0.          0.          0.          0.          0.          0.
  0.03339303  0.28729245  0.10106682  0.          0.          0.
  0.          0.          0.8         0.          0.          0.        ]
Step: 0. 
[-2.50990804e-02  1.85832293e-01  1.38299613e-01  2.46875408e-01
 -1.32420466e-02  2.02433437e-01 -9.88353526e-03 -5.82307252e-02
 -2.51578453e-01 -5.17186999e-03 -6.39821975e-02 -5.06057306e-02
 -2.07885561e-01  2.23871767e-05 -4.14950737e+00 -2.35795447e+00
  1.31034888e+01 -2.12823747e-04  2.86399393e+00 -1.54779455e-06
 -4.65856319e+00 -2.49736382e+00 -2.41034314e+01 -1.46502136e+01
  0.00000000e+00  0.00000000e+00  0.00000000e+00  0.00000000e+00
  0.00000000e+00  0.00000000e+00  3.33930307e-02  2.87292450e-01
  1.01066816e-01 -1.85442752e-01  8.53080704e-01 -1.08307777e-01
  0.00000000e+00  0.00000000e+00  8.00000000e-01  1.90215996e-01
 -4.89248883e-02  1.10672253e-01]
Step: 0. 
[ 0.05931728 -0.27031789  0.2007666   0.0585807  -0.06119163  0.12880469
 -0.03132485 -0.46347102  0.04361879  0.24225834  0.0865764   0.05591131
  0.          0.          0.          0.          0.          0.
  0.          0.          0.          0.          0.          0.
  0.          0.          0.          0.          0.          0.
  0.2000018   0.27929264  0.13936264  0.          0.          0.
  0.          0.          0.8         0.          0.          0.        ]
Step: 0. 
[ 5.64397783e-02 -2.70317888e-01  1.81105628e-01  5.85798758e-02
 -6.11917086e-02  1.28804879e-01 -3.15613107e-02 -4.53294806e-01
  7.05512344e-02  2.41090132e-01  8.65764037e-02 -2.27411633e-02
 -6.90599768e-01  2.14544826e-10 -4.71863398e+00 -1.97912858e-04
 -1.97769820e-05  4.43601772e-05 -5.67515420e-02  2.44229188e+00
  6.46378728e+00 -2.80370975e-01  0.00000000e+00 -1.88765928e+01
  0.00000000e+00  0.00000000e+00  0.00000000e+00  0.00000000e+00
  0.00000000e+00  0.00000000e+00  2.00001798e-01  2.79292643e-01
  1.39362640e-01 -6.99078240e-01 -2.57860064e-01 -2.58777006e-01
  0.00000000e+00  0.00000000e+00  8.00000000e-01  7.55241273e-02
  6.16548397e-02 -3.38169017e-02]
Step: 0. 
[-0.03127019 -0.03042999  0.04792032  0.09775683  0.00982762  0.2457602
  0.03435866  0.21388337  0.22004027  0.15632407 -0.03005405  0.16345452
  0.          0.          0.          0.          0.          0.
  0.          0.          0.          0.          0.          0.
  0.          0.          0.          0.          0.          0.
 -0.17111906  0.3094978   0.1269091   0.          0.          0.
  0.          0.          0.8         0.          0.          0.        ]
Step: 0. 
[-3.12702167e-02  2.04175405e-02  7.21629713e-02  9.77569830e-02
  9.82867614e-03  2.11460275e-01  2.52262916e-02  2.95832249e-01
  1.96438138e-01  1.00889979e-01 -1.13646341e-02  1.35675588e-01
 -5.69273762e-06  1.22034070e+01  5.81823545e+00  3.55799143e-05
  2.54235083e-04 -8.23198268e+00 -2.19176937e+00  1.96677317e+01
 -5.66451152e+00 -1.33041827e+01  4.48546068e+00 -6.66694398e+00
  0.00000000e+00  0.00000000e+00  0.00000000e+00  0.00000000e+00
  0.00000000e+00  0.00000000e+00 -1.71119064e-01  3.09497803e-01
  1.26909097e-01 -2.37962581e-01 -5.63844340e-02  4.42806332e-01
  0.00000000e+00  0.00000000e+00  8.00000000e-01  8.46385851e-04
  8.36077516e-02  9.16342489e-02]
Step: 100000. 
[-4.78432302e-01 -1.41743437e-01 -7.76603413e-01  2.30763435e-02
 -2.72411579e-01 -7.46503096e-01  2.75063999e-01  5.65279212e-02
  8.16416894e-01 -1.45586272e-02 -3.40878199e-01 -8.38938845e-01
  8.58103115e-01  3.03666379e-01 -1.34148306e+01  5.08686799e+00
  6.36154615e-01 -2.43558470e-05  4.93573706e+00  2.32667199e-05
 -6.15593457e+00  8.73518873e-01 -7.38972545e-07 -1.75515558e+01
  0.00000000e+00  0.00000000e+00  0.00000000e+00  0.00000000e+00
  0.00000000e+00  0.00000000e+00  1.39613920e-01  5.31090630e-01
  1.48870113e-01  8.21307455e-01  1.08759272e+00 -7.15762396e-01
 -8.20839690e-02  2.95389762e-02  7.55432393e-01 -7.92283097e-01
  4.34355054e-02 -9.95260623e-01]
Step: 200000. 
[-4.94213201e-02  3.81578079e-02 -6.82675072e-01  1.79644860e-01
  3.67577801e-01 -7.04617703e-01  1.08642418e-01  3.86082111e-01
  3.57439839e-02 -9.56990724e-03  3.32666380e-01 -8.49952562e-01
 -1.32455558e+00 -1.56769373e-04 -9.59285292e+00  8.88178420e-16
 -2.85772300e-05  1.98570828e+01 -4.16887633e+00  4.36743898e+00
  4.15017728e+01  5.74202860e-01  5.78616537e-06  2.24993199e-07
  0.00000000e+00  0.00000000e+00  0.00000000e+00  0.00000000e+00
  0.00000000e+00  0.00000000e+00 -2.90437131e-01  4.36661270e-01
  2.26369477e-01 -1.38711819e+00 -9.23990930e-01  3.10032367e-01
  8.26882395e-02  1.79576372e-02  7.73011030e-01  3.13603982e-01
  4.67243960e-01 -1.12751832e+00]
Step: 300000. 
[ 1.96226463e-01 -3.55246922e-01 -3.47112784e-01  9.44703605e-01
  2.83238721e-01 -9.87586855e-01  1.38660922e-01  7.94624813e-01
 -2.53459009e-01  1.15325390e-01  3.41496709e-01 -8.51373613e-01
  5.15649989e+00  3.47922687e+00  1.41487934e+01  1.83746132e+01
 -8.65467556e+00 -7.72210512e+01 -3.21131306e+00  7.79260878e-10
 -8.33666541e+00  2.15687537e+01  0.00000000e+00 -3.62186038e+01
  0.00000000e+00  0.00000000e+00  0.00000000e+00  0.00000000e+00
  0.00000000e+00  0.00000000e+00 -3.36226194e-01  3.39663091e-01
  1.83843323e-01 -6.98927600e-01  8.31702538e-01  7.04477150e-01
  1.05728061e-03 -1.61668359e-02  7.67142658e-01 -5.03293520e-01
 -2.63286667e-01 -1.31667688e+00]
Step: 400000. 
[-1.88367223e-02  9.19634938e-02 -4.33844291e-02  2.25874969e-01
  7.04552936e-02 -2.37707577e-01  5.82267419e-02  3.36740592e-01
  1.86524042e-01  2.83218115e-01 -2.41888166e-04 -2.20752326e-02
  0.00000000e+00  0.00000000e+00  0.00000000e+00  0.00000000e+00
  0.00000000e+00  0.00000000e+00  0.00000000e+00  0.00000000e+00
  0.00000000e+00  0.00000000e+00  0.00000000e+00  0.00000000e+00
  0.00000000e+00  0.00000000e+00  0.00000000e+00  0.00000000e+00
  0.00000000e+00  0.00000000e+00 -2.72051763e-01  3.15194625e-01
  1.72187568e-01  0.00000000e+00  0.00000000e+00  0.00000000e+00
  0.00000000e+00  0.00000000e+00  8.00000000e-01  0.00000000e+00
  0.00000000e+00  0.00000000e+00]
Step: 400000. 
[-1.30937405e-02  6.17654156e-02 -6.34894837e-02  2.12036029e-01
  4.27694494e-02 -2.11991857e-01  6.37803536e-02  3.07860673e-01
  2.11390803e-01  2.83218120e-01 -2.41905157e-04 -8.65410576e-02
  1.37831562e+00 -7.24753878e+00 -4.82521310e+00 -3.32134565e+00
 -6.64460260e+00  6.17177297e+00  1.33286679e+00 -6.93118067e+00
  5.96802261e+00  1.35621902e-06 -4.07786934e-06 -1.54717980e+01
  0.00000000e+00  0.00000000e+00  0.00000000e+00  0.00000000e+00
  0.00000000e+00  0.00000000e+00 -2.72051763e-01  3.15194625e-01
  1.72187568e-01 -3.32405873e-01 -1.71614229e-01 -2.04981680e-01
  0.00000000e+00  0.00000000e+00  8.00000000e-01  2.30678017e-01
 -5.33417166e-02  6.71448637e-02]
Step: 500000. 
[-5.30000813e-01  4.38290312e-01  6.28584582e-01  3.78399621e-01
  2.57032796e-01 -7.27566127e-01 -2.43090385e-01 -7.70512579e-01
 -1.13111506e-01  1.47506490e+00 -3.80219622e-01 -8.01550171e-01
  5.28084884e+00  1.15135833e+01  1.19852974e+01 -6.14597442e+00
  6.92523824e+01 -2.31113853e-05  3.70933983e-04 -2.85107217e+00
 -9.62995852e-05  1.36165780e+01 -8.18822912e-07  9.69130274e-01
  0.00000000e+00  0.00000000e+00  0.00000000e+00  0.00000000e+00
  0.00000000e+00  0.00000000e+00 -1.35287079e-01  2.67161134e-01
  2.14579775e-01  1.17794102e+00 -3.90612132e-01  1.38966075e+00
  3.07807993e-01  1.43687531e-01  5.87939226e-01  6.36392883e-01
 -1.20603435e-01 -1.36926253e+00]
Step: 600000. 
[-3.26865813e-02 -4.42908470e-01 -5.82590027e-02  2.90000673e-02
 -3.38880053e-01  2.57904328e-01  2.64561298e-03 -2.26534507e-01
 -2.69368984e-01  4.19556391e-01 -1.75934231e-01 -8.42492500e-01
 -1.34770873e+00 -2.19722055e+01  2.46162285e+01  1.10149112e+01
 -5.32052697e+01 -3.40654753e+01 -2.94544907e+00 -1.81332820e+01
 -6.12142458e+00 -1.14819851e+00  0.00000000e+00 -2.03660854e-07
  0.00000000e+00  0.00000000e+00  0.00000000e+00  0.00000000e+00
  0.00000000e+00  0.00000000e+00 -2.55069482e-01  2.88885023e-01
  1.74218487e-01  2.81644100e-01 -7.92639438e-01 -3.72167368e-01
  5.27531747e-02  3.53329347e-02  8.26136670e-01  5.68036537e-01
  3.44209963e-01 -4.61936625e-01]
Step: 700000. 
[ 6.86043487e-02  5.45480190e-01  1.17273404e-01  3.76613373e-01
 -3.37261988e-01 -7.95080735e-01 -1.72467931e-01  5.85710721e-01
 -6.35262106e-01  8.60888014e-02  4.57800939e-01 -9.60232039e-01
  2.40973164e+00 -1.90086989e+01  1.32572714e-01  1.20036770e+01
  0.00000000e+00  5.80961145e-01 -5.90773413e-01 -1.32533832e+01
  1.65981269e-05 -8.24185520e-09 -1.14233920e-05 -4.71005244e+01
  0.00000000e+00  0.00000000e+00  0.00000000e+00  0.00000000e+00
  0.00000000e+00  0.00000000e+00 -1.73155729e-01  2.77254990e-01
  1.63670808e-01 -6.10752284e-01 -4.19992889e-01 -1.17739252e-01
  7.51607385e-02  4.99520370e-02  7.96348382e-01  8.65194281e-01
 -3.19240948e-01 -4.13963035e-01]
Step: 800000. 
[ 1.37554732e-01 -7.26303537e-01  6.29471707e-01  2.32171924e-01
 -6.93237029e-02 -8.60238446e-01  1.77192107e-01 -2.79861001e-02
 -2.02777160e-01  6.17620495e-01  2.92196688e-01 -7.92149655e-01
  7.54622500e+00 -2.58421999e+01  2.84157589e+01  2.47614314e+01
  5.68872116e+00 -2.18102284e-03 -2.21235951e+00 -1.33340075e+01
 -1.52925466e+01 -5.38421481e-02 -3.12896848e+00  4.05099275e-01
  0.00000000e+00  0.00000000e+00  0.00000000e+00  0.00000000e+00
  0.00000000e+00  0.00000000e+00 -3.41080686e-01  3.75488249e-01
  2.18897736e-01  4.02828250e-01  2.50658095e+00 -5.14433948e-01
  2.64882572e-02  2.46492495e-02  8.08717691e-01  3.46988275e-01
 -5.28851817e-01 -1.05681279e+00]
Step: 900000. 
[ 2.13457864e-01 -2.46725354e-01  8.26102946e-01 -2.23634872e-02
  3.35916104e-01 -8.75579772e-01 -1.04583963e-01 -2.12707597e-01
  1.59450099e-01  9.27627851e-02 -1.47096772e-01 -8.45432730e-01
  6.16500593e-01  1.64248584e+01 -2.05435254e-05  1.34171860e+00
 -1.13876567e+00  0.00000000e+00  4.01158462e-06  2.11525950e+01
 -2.50097082e+00 -6.33886165e+00 -2.91133451e+01 -3.71472154e-07
  0.00000000e+00  0.00000000e+00  0.00000000e+00  0.00000000e+00
  0.00000000e+00  0.00000000e+00 -1.03908148e-01  2.01046757e-01
  1.67129313e-01 -7.07895837e-01 -6.79303189e-01  8.90338118e-02
  3.47776200e-02 -1.35007781e-02  8.51941667e-01 -1.75471067e-01
 -6.96521353e-02  6.39807298e-01]
Step: 1000000. 
[ 3.05867179e-01  1.44111561e-01 -2.11768691e-01  7.72700427e-01
  1.94830522e-01 -7.95705172e-01  7.08201676e-01 -3.34099340e-01
 -1.44814031e-01  1.97930206e+00 -1.81121570e-01 -7.64875993e-01
 -1.46759549e-06 -2.74516791e+00  2.80234174e+00  1.78968400e+01
 -6.35396141e+00  6.18429217e-01 -5.25588791e+00  1.28224005e-05
 -1.77367169e+01  6.37535355e+00  2.31120775e+01 -9.91528261e+00
  0.00000000e+00  0.00000000e+00  0.00000000e+00  0.00000000e+00
  0.00000000e+00  0.00000000e+00 -1.12336092e-01  4.02420573e-01
  2.09979852e-01 -5.67937959e-01  1.72473645e+00  1.10747199e+00
  1.58024753e-02  6.38624821e-02  6.95466026e-01  1.95696394e-02
  3.69503552e-01 -9.64795886e-01]
Step: 0. 
[-0.08651503  0.1368699   0.14457301  0.0331349  -0.07480961 -0.21180907
  0.04553977  0.34479861 -0.19104864  0.15349164  0.05147454 -0.19343411
  0.          0.          0.          0.          0.          0.
  0.          0.          0.          0.          0.          0.
  0.          0.          0.          0.          0.          0.
 -0.24399406  0.33356331  0.15481729  0.          0.          0.
  0.          0.          0.8         0.          0.          0.        ]
Step: 0. 
[-7.04478884e-02  1.06705522e-01  1.68863157e-01  6.51398840e-02
 -1.90828649e-01 -1.38068830e-01  6.23399631e-02  3.52493915e-01
 -2.14646637e-01  1.30067005e-01 -1.17432359e-01 -2.53036439e-01
  3.85611447e+00 -7.23945009e+00  5.82963584e+00  7.68119701e+00
 -2.78445702e+01  1.76976582e+01  4.03204618e+00  1.84687210e+00
 -5.66351946e+00 -5.62191168e+00 -4.05376560e+01 -1.43045600e+01
  0.00000000e+00  0.00000000e+00  0.00000000e+00  0.00000000e+00
  0.00000000e+00  0.00000000e+00 -2.43994062e-01  3.33563310e-01
  1.54817287e-01 -7.71263628e-02  1.24774909e+00 -4.93524802e-02
  0.00000000e+00  0.00000000e+00  8.00000000e-01  1.91233721e-03
 -2.98261626e-01  9.90404095e-03]
Step: 0. 
[-0.01213435 -0.12555805  0.14487023  0.21413561 -0.03184568  0.17918126
  0.00560628  0.23675294  0.17187521  0.3218701   0.02571816  0.22623974
  0.          0.          0.          0.          0.          0.
  0.          0.          0.          0.          0.          0.
  0.          0.          0.          0.          0.          0.
 -0.22801063  0.28683209  0.15356249  0.          0.          0.
  0.          0.          0.8         0.          0.          0.        ]
Step: 0. 
[-1.80385321e-02 -9.61134909e-02  1.19693680e-01  1.54993373e-01
 -3.16830021e-02  1.79027636e-01 -2.46784622e-03  2.36751147e-01
  1.30737889e-01  3.21873762e-01  7.60799713e-02  1.43302249e-01
 -1.41700388e+00  7.06669472e+00 -6.04237184e+00 -1.41941358e+01
  3.90433209e-02 -3.68709614e-02 -1.93779074e+00 -4.30348286e-04
 -9.87295718e+00  8.78588560e-04  1.20868358e+01 -1.99049966e+01
  0.00000000e+00  0.00000000e+00  0.00000000e+00  0.00000000e+00
  0.00000000e+00  0.00000000e+00 -2.28010628e-01  2.86832089e-01
  1.53562495e-01 -6.19931473e-01 -4.17370238e-01  4.48879043e-01
  0.00000000e+00  0.00000000e+00  8.00000000e-01  2.93068048e-01
  1.82565842e-01  2.96089328e-01]
Step: 0. 
[ 0.02844961  0.40063017  0.17916175  0.03391392  0.04829621 -0.22339425
 -0.03812351  0.28139253 -0.10552596  0.03680197 -0.02481129 -0.1316801
  0.          0.          0.          0.          0.          0.
  0.          0.          0.          0.          0.          0.
  0.          0.          0.          0.          0.          0.
 -0.17710477  0.27931628  0.12721365  0.          0.          0.
  0.          0.          0.8         0.          0.          0.        ]
Step: 0. 
[ 3.42348238e-02  4.84231154e-01  1.47986809e-01 -1.05645266e-02
 -1.19745867e-01 -2.66810948e-01 -3.81235126e-02  3.70453517e-01
 -1.28410827e-01 -3.71459157e-02  1.19047880e-01 -7.73805704e-02
  1.38845018e+00  2.00642362e+01 -7.48198523e+00 -1.06748281e+01
 -4.03300974e+01 -1.04200070e+01  0.00000000e+00  2.13746381e+01
 -5.49236711e+00 -1.77474916e+01  3.45262018e+01  1.30318861e+01
  0.00000000e+00  0.00000000e+00  0.00000000e+00  0.00000000e+00
  0.00000000e+00  0.00000000e+00 -1.77104774e-01  2.79316278e-01
  1.27213651e-01  7.64242987e-01 -7.09266245e-01  4.88882463e-02
  0.00000000e+00  0.00000000e+00  8.00000000e-01  9.40890700e-02
 -1.46635057e-01 -3.76283848e-01]
Step: 0. 
[-0.06483626  0.09743339  0.17097369  0.10684893 -0.03994342  0.07151446
  0.07139024  0.37029517  0.17013355  0.30964576 -0.03597319 -0.20654358
  0.          0.          0.          0.          0.          0.
  0.          0.          0.          0.          0.          0.
  0.          0.          0.          0.          0.          0.
 -0.29596092  0.32118389  0.18677699  0.          0.          0.
  0.          0.          0.8         0.          0.          0.        ]
Step: 0. 
[-6.84714487e-02  9.44537712e-02  1.42716608e-01  1.34453076e-01
  8.45079084e-02 -3.51296232e-02  7.17240334e-02  3.70295171e-01
  1.73782917e-01  3.09646431e-01 -1.62552411e-01 -2.65946687e-01
 -8.72444523e-01 -7.15108625e-01 -6.78169953e+00  6.62499455e+00
  2.98683191e+01 -2.55945798e+01  8.01113949e-02  0.00000000e+00
  8.75847326e-01  1.60596455e-04 -3.03790135e+01 -1.42567449e+01
  0.00000000e+00  0.00000000e+00  0.00000000e+00  0.00000000e+00
  0.00000000e+00  0.00000000e+00 -2.95960916e-01  3.21183887e-01
  1.86776986e-01 -1.45923113e-01  1.06005512e-02 -5.53762718e-02
  0.00000000e+00  0.00000000e+00  8.00000000e-01  3.00492956e-02
  3.73070489e-02 -1.37430400e-01]
Step: 100000. 
[ 4.05716957e-01 -4.03874833e-01 -3.07821467e-01  8.11677068e-03
  1.93312401e-01 -4.79833106e-01 -6.03719338e-01 -7.25753605e-01
 -8.11858575e-01  1.15523881e+00 -2.72941788e-01 -9.80611062e-01
  3.58778214e+00 -2.08295901e+01  3.31163452e+00 -8.18141656e+00
 -2.98553424e+01  2.19145234e+01 -8.96462653e+00 -2.38250283e+01
 -2.49239001e+01  1.26018092e+01  6.68406126e-01  0.00000000e+00
  0.00000000e+00  0.00000000e+00  0.00000000e+00  0.00000000e+00
  0.00000000e+00  0.00000000e+00 -1.21953509e-01 -1.93754665e-01
  1.50534934e-01 -2.05538678e+00  2.15390220e+00 -3.34479050e+00
  1.15622425e-01  3.25295533e-01  4.14939658e-01  5.02112547e-01
 -5.15565165e-02 -5.22237427e-01]
Step: 200000. 
[-4.30351174e-01 -7.78425053e-01  4.70259424e-01 -1.04099776e-01
  4.40871937e-01 -8.03576877e-01  4.53078714e-02 -4.60989688e-01
 -2.01948317e-01  1.25106149e+00 -1.34698067e-01 -7.20863215e-01
  8.33083169e-02  1.84474533e+00 -8.05904015e+00 -5.91548711e-05
 -2.19148933e-06  1.09073263e+00 -5.72339276e-08 -4.29901578e-06
 -5.92948459e-01 -1.55105233e-05  3.78243188e+01  1.79471080e+01
  0.00000000e+00  0.00000000e+00  0.00000000e+00  0.00000000e+00
  0.00000000e+00  0.00000000e+00 -1.97261499e-01  3.71960848e-01
  1.37664445e-01  9.93064220e-01 -9.55513499e-01 -2.68840539e+00
 -1.00280929e-01  3.47630852e-02  7.33582960e-01 -7.03311690e-01
  6.41495083e-01 -1.62353261e+00]
Step: 300000. 
[-2.64115235e-01 -2.21222896e-01 -7.18202551e-01  8.04097844e-01
  1.18962758e-01 -8.55294907e-01  4.37075069e-01 -7.65807561e-01
  1.24280464e-02  1.24964220e+00  3.94064760e-01 -8.39073795e-01
  1.19875010e-06 -1.12813726e+01 -2.60582146e+00  1.34101252e+01
 -8.38330421e-05 -3.28057581e-11  4.95496893e+00 -3.42396053e-07
  1.02239646e+01  6.47797165e+00  1.42108547e-14 -1.82010945e+01
  0.00000000e+00  0.00000000e+00  0.00000000e+00  0.00000000e+00
  0.00000000e+00  0.00000000e+00 -2.79987433e-01  3.05824066e-01
  3.08309293e-01  1.07490658e-01 -1.80612175e+00  1.95511102e+00
  3.12994656e-01 -1.05500919e-01  4.84825798e-01  7.16479262e-01
 -3.14049361e-01 -1.41394853e+00]
Step: 400000. 
[ 4.06196037e-01  7.01855046e-01  1.83703779e-01  5.31874217e-01
  2.00537220e-01 -7.85633768e-01 -3.70815559e-02  1.60016380e-01
 -4.61528193e-01 -1.06261712e-01 -1.53091697e-01 -6.85239154e-01
 -2.36736749e+00 -2.01255141e-01 -8.25685388e-04 -7.68914490e+00
 -8.43566907e-04  1.41299445e-02  2.38946173e-04  1.70252778e+00
 -2.46141809e-04  0.00000000e+00 -2.81860365e-04  2.06341137e+00
  0.00000000e+00  0.00000000e+00  0.00000000e+00  0.00000000e+00
  0.00000000e+00  0.00000000e+00 -2.99976313e-01  4.65522357e-01
  1.76356588e-01 -1.60228901e+00 -6.54136764e-01  1.53909327e+00
  1.37828129e-01 -5.07840994e-02  4.89309885e-01  1.38569636e+00
 -1.00826172e-01 -1.77913460e+00]
Step: 500000. 
[-1.49965567e-01  1.37666373e-02 -4.42912476e-01  7.40215958e-01
 -1.97716883e-01 -8.51676668e-01  1.95799422e-01  6.57042160e-01
 -5.06585294e-01  5.48761059e-01  4.12947490e-01 -8.39374978e-01
  2.13780717e-01  1.26714679e+01 -3.38710826e+00 -7.91354084e+00
  8.07187092e+00  0.00000000e+00  1.19251498e+01 -7.90393688e+00
 -8.31474603e+00  9.25699899e+00  4.20292039e+01  8.42093851e-07
  0.00000000e+00  0.00000000e+00  0.00000000e+00  0.00000000e+00
  0.00000000e+00  0.00000000e+00 -3.30879790e-01  4.10984214e-01
  4.43971668e-01 -6.63123889e-01  2.43672971e+00  3.24265940e-02
  1.25561083e-01 -3.23970094e-02  8.55849584e-01  5.87401361e-01
 -6.41704056e-01 -6.25096601e-01]
Step: 600000. 
[ 8.97827213e-02 -7.64894073e-01 -2.33351817e-01  1.59065063e-01
 -8.01428345e-02 -6.51836882e-01 -6.63367290e-02 -4.29824054e-01
 -2.24835574e-01  5.35308924e-01 -3.46081549e-01 -7.59522730e-01
  2.56848996e+00  5.98664552e+00 -2.27845600e+01 -4.91073811e+00
 -3.45502836e+01 -2.26290396e-05  1.01643570e-05  1.66533454e-16
 -3.03790350e+01 -1.57085050e-04 -6.78540045e+01 -1.03715073e+01
  0.00000000e+00  0.00000000e+00  0.00000000e+00  0.00000000e+00
  0.00000000e+00  0.00000000e+00 -2.31947624e-01  2.09643925e-01
  1.47022371e-01  7.78566894e-01  2.63209692e+00 -9.75263880e-01
  3.27387460e-03  2.02627646e-02  8.13362004e-01 -6.30968591e-02
  9.59498043e-02 -4.27789158e-03]
Step: 700000. 
[-2.94763118e-02 -9.50937380e-02  1.35714274e-01  9.07110795e-02
  2.52486888e-01 -3.44486861e-01  9.99261829e-03  5.14598312e-01
  4.11581057e-01  1.36107826e-01 -1.17085152e-01 -1.73873164e-01
 -3.40922122e+00  0.00000000e+00 -7.30256004e+00 -1.35994362e-04
  6.52481576e+01 -4.83525114e+01  1.19088696e+00 -1.01636028e+01
 -1.63024366e+01  7.08617710e+00  1.98232499e+01 -2.06710662e+01
  0.00000000e+00  0.00000000e+00  0.00000000e+00  0.00000000e+00
  0.00000000e+00  0.00000000e+00 -2.94067046e-01  3.01051188e-01
  1.94283404e-01  2.49849323e-01 -5.42446683e-01 -5.71250436e-01
  9.46509664e-03  1.15353408e-02  8.06065363e-01  2.74797893e-01
  2.56876108e-01  1.17419795e-01]
Step: 800000. 
[ 6.83657623e-01 -7.47296385e-01 -7.86558991e-01  8.39569346e-01
  2.67793577e-01 -8.39817748e-01 -6.25603577e-01 -3.00692948e-01
 -7.94117712e-02  1.10293976e-02  4.17174742e-01 -9.28346616e-01
 -4.23735440e-06  4.73226365e+00  1.29552303e+01 -3.51897734e+00
  7.03086973e+01 -1.95844763e-08 -2.31125913e-01  1.88307804e+01
  3.37474611e+00 -1.26170876e+01 -5.13984766e-09  0.00000000e+00
  0.00000000e+00  0.00000000e+00  0.00000000e+00  0.00000000e+00
  0.00000000e+00  0.00000000e+00  5.50143246e-02 -4.44478378e-01
  1.41442513e-01 -1.43978482e+00 -1.53669956e+00  4.18716853e-01
 -3.24688781e-02  2.99722948e-02  4.90131569e-01 -1.37616195e-01
  3.32275710e-01 -2.68941440e+00]
Step: 900000. 
[ 1.94433636e-02 -9.53192142e-02 -1.99718327e-01  4.06494845e-01
 -1.53528131e-01 -2.39381048e-01  2.64775307e-01 -7.97192113e-01
  4.26889549e-01  9.53756073e-01 -2.67850880e-01 -7.51380128e-01
 -3.53779267e+00 -7.21131401e+00 -1.97686982e-05  6.90211507e+00
  8.88178420e-16 -7.20292760e+00  6.92257125e+00 -1.60364951e-06
  2.03322843e+01  6.55964273e+00 -3.57336955e+01 -5.05876045e+01
  0.00000000e+00  0.00000000e+00  0.00000000e+00  0.00000000e+00
  0.00000000e+00  0.00000000e+00  7.73355020e-02  3.04535528e-01
  1.57924630e-01 -1.48419819e+00 -1.63821741e+00  3.51618555e-01
  1.48961317e-03 -4.18346613e-03  7.98460289e-01  1.68668378e-01
  1.23376268e-01 -9.08374380e-02]
Step: 1000000. 
[ 1.14917306e-01 -3.93228422e-01 -5.46660042e-01  2.80796592e-03
  2.86453034e-01 -5.48512815e-01 -2.57345345e-02 -4.72758252e-01
 -3.42736371e-01  1.14234988e+00 -2.81046614e-01 -7.94957413e-01
 -2.07752194e+00  4.60233328e+00 -8.27753462e+00  0.00000000e+00
 -1.47924122e+00  8.36182519e+00 -6.01583746e+00  9.92322401e+00
 -2.34884011e+01 -1.79492021e-08  1.15488073e+00  5.73515682e-01
  0.00000000e+00  0.00000000e+00  0.00000000e+00  0.00000000e+00
  0.00000000e+00  0.00000000e+00 -5.29696121e-01  1.61941623e-01
  2.42692289e-01 -3.28628579e+00  7.78933553e-01  2.78910663e-01
  7.80197143e-02  1.27145321e-01  5.94461057e-01 -1.51437650e-01
  4.87743270e-01 -2.92876043e+00]
Step: 0. 
[-0.01180493  0.23184999  0.12495305  0.35242662 -0.07322765 -0.23346307
  0.00863599 -0.28186848 -0.03268679  0.30681766 -0.0773729   0.00400324
  0.          0.          0.          0.          0.          0.
  0.          0.          0.          0.          0.          0.
  0.          0.          0.          0.          0.          0.
  0.07600778  0.30803941  0.11199311  0.          0.          0.
  0.          0.          0.8         0.          0.          0.        ]
Step: 0. 
[-1.00158959e-02  1.52016532e-01  1.20320821e-01  3.99708207e-01
  6.61363275e-02 -1.80099906e-01  1.86755871e-02 -3.28772012e-01
 -4.51027393e-03  2.94063025e-01 -1.16918755e-01  4.00252907e-03
  4.29367702e-01 -1.91600293e+01 -1.11173544e+00  1.13475809e+01
  3.34473543e+01  1.28071604e+01  2.40950438e+00 -1.12568467e+01
  6.76236325e+00 -3.06111191e+00 -9.49100433e+00 -1.71658761e-04
  0.00000000e+00  0.00000000e+00  0.00000000e+00  0.00000000e+00
  0.00000000e+00  0.00000000e+00  7.60077787e-02  3.08039411e-01
  1.11993109e-01  5.15103580e-01  2.03134351e-01  1.07719631e-01
  0.00000000e+00  0.00000000e+00  8.00000000e-01 -2.85307257e-02
 -1.22722043e-01  1.70573072e-01]
Step: 100000. 
[-2.66536916e-01  8.31716896e-01  1.99014209e-01 -1.13213876e-01
  2.63405537e-01 -8.60980973e-01  2.19512506e-02  5.16168976e-01
 -6.51359367e-01 -1.19375509e-01  5.49361173e-01 -9.39852416e-01
 -5.79243624e+00 -5.13772536e-05  3.07596818e+01  1.74600962e-03
 -9.63072709e-02  3.69375572e-04  1.08097037e+00  5.21837567e+00
  1.43854386e+01 -1.28209450e-04 -5.40809305e-06 -3.55271368e-15
  0.00000000e+00  0.00000000e+00  0.00000000e+00  0.00000000e+00
  0.00000000e+00  0.00000000e+00 -3.15773493e-01  3.90705374e-01
  2.33756698e-01 -1.32108270e+00  1.04198748e+00  6.72224667e-01
  8.91193117e-02 -3.44071034e-02  6.95923386e-01  4.10537104e-01
 -6.02540285e-03 -1.42837127e+00]
Step: 0. 
[ 0.08649523  0.3366458  -0.14385047  0.18019274  0.01797398  0.01769097
 -0.07093191  0.12280841  0.02201003  0.08000616 -0.03589166 -0.03861828
  0.          0.          0.          0.          0.          0.
  0.          0.          0.          0.          0.          0.
  0.          0.          0.          0.          0.          0.
 -0.09717232  0.25754606  0.1099327   0.          0.          0.
  0.          0.          0.8         0.          0.          0.        ]
