Step: 0. 
[ 0.28484741  0.24692423 -0.04249969  0.19014242  0.24492948 -0.1999843
  0.          0.          0.          0.          0.          0.
 -0.21578705 -0.3         0.08588268  0.          0.          0.
 -0.14616402  0.3         0.07308377  0.          0.          0.
  0.          0.          0.8         0.          0.          0.        ]
Step: 0. 
[ 2.86927954e-01  2.46923340e-01 -5.40550482e-02  1.90142611e-01
  2.44925421e-01 -2.01504910e-01  4.99330857e-01 -2.13969485e-04
 -2.77328572e+00  4.47475718e-05 -9.75274287e-04 -3.64945765e-01
 -2.15787049e-01 -3.00000000e-01  8.58826766e-02 -1.26978221e-01
 -9.54642748e-03  3.16030357e-01 -1.46164022e-01  3.00000000e-01
  7.30837748e-02 -2.11053881e-02 -5.66175615e-03  1.63000331e-01
  0.00000000e+00  0.00000000e+00  8.00000000e-01  3.86917006e-02
 -7.76894640e-03  1.32107792e-01]
Step: 1000000. 
[ 0.54092561  0.50968603 -0.14968402 -0.50852326  0.08053063 -0.16748498
  0.02170021  0.00408758 -0.02623305 -0.002197   -0.01852168  0.00998634
 -0.4142998  -0.30122411  0.14404548 -0.0289112   0.0228268   0.00624342
  0.34871784  0.3028177   0.13360798 -0.0145127   0.02575351  0.03134045
 -0.04283282  0.00366844  0.75259278 -0.122453    0.12342818  0.00994381]
Step: 2000000. 
[ 1.24622075e-01  1.29385394e-01 -1.16669041e-01  7.48032251e-02
  1.46876029e-02  8.23113956e-02  1.92387837e-02  3.36955846e-01
  7.98663484e-04  1.04147229e-03 -2.34617537e-02 -4.67462248e-02
 -2.46261107e-02 -3.13095581e-01  5.27123988e-02 -8.79499201e-02
 -3.76202441e-02  8.14670450e-02 -1.07844321e-01  2.84321403e-01
  5.08007539e-02 -1.47838418e-02 -1.31012463e-02  2.53641283e-02
 -1.40636573e-01 -3.25836652e-02  7.98981958e-01 -8.27227644e-02
  5.31963291e-02  4.80822829e-02]
Step: 3000000. 
[-7.21173427e-01  1.07422194e-03  3.80727392e-01 -5.41285336e-01
 -1.82241775e-03 -3.82054568e-02 -1.37341747e-02 -2.48400315e+00
 -3.73757176e+00 -2.78994582e+00  1.09345065e-01 -8.13807229e-02
  3.47961762e-01 -1.28115730e-01  5.97655083e-02  1.59008699e-01
  1.23087101e-02  2.78388590e-01 -4.48018154e-02  3.35505471e-01
  5.20251682e-02  3.71039242e-01  5.33819272e-02  6.72868628e-02
  1.27612959e-01  1.08149154e-01  7.92099493e-01 -6.69646541e-03
  3.54050644e-03 -1.00456510e-03]
Step: 3895553
[        nan         nan         nan         nan         nan         nan
         nan         nan         nan         nan         nan         nan
 -0.0084209  -0.40766426  0.19719123         nan         nan         nan
 -0.58730188  0.27806815  0.2052148          nan         nan         nan
  0.16199295  0.33942153  0.41329067         nan         nan         nan]
[0. 0. 0. 0. 0. 0. 0. 0. 0. 0. 0. 0. 0. 0. 0. 0. 0. 0. 0. 0. 0. 0. 0. 0.
 0. 0. 0. 0. 0. 0.]
[0. 0. 0. 0. 0. 0. 0. 0. 0. 0. 0. 0. 0. 0. 0. 0. 0. 0. 0. 0. 0. 0. 0. 0.
 0. 0. 0. 0. 0. 0.]
[0. 0. 0. 0. 0. 0. 0. 0. 0. 0. 0. 0. 0. 0. 0. 0. 0. 0. 0. 0. 0. 0. 0. 0.
 0. 0. 0. 0. 0. 0.]
[0. 0. 0. 0. 0. 0. 0. 0. 0. 0. 0. 0. 0. 0. 0. 0. 0. 0. 0. 0. 0. 0. 0. 0.
 0. 0. 0. 0. 0. 0.]
[0. 0. 0. 0. 0. 0. 0. 0. 0. 0. 0. 0. 0. 0. 0. 0. 0. 0. 0. 0. 0. 0. 0. 0.