Step: 0. 
[ 0.08024738  0.03426235 -0.20480655  0.41244881  0.13405098 -0.07649985
  0.          0.          0.          0.          0.          0.
 -0.00402126 -0.3         0.05764256  0.          0.          0.
 -0.2542321   0.3         0.10163004  0.          0.          0.
  0.          0.          0.8         0.          0.          0.        ]
Step: 0. 
[ 8.01540752e-02  3.42445882e-02 -2.04882942e-01  4.12450202e-01
  1.34139204e-01 -7.83524047e-02 -2.23921397e-02 -4.26182641e-03
 -1.83345302e-02  3.33349349e-04  2.11730949e-02 -4.44613889e-01
 -4.02126418e-03 -3.00000000e-01  5.76425591e-02  1.09102125e-02
  8.01917210e-03  9.61254954e-02 -2.54232100e-01  3.00000000e-01
  1.01630044e-01 -2.72609396e-02 -1.48326227e-02  1.65928255e-01
  0.00000000e+00  0.00000000e+00  8.00000000e-01  3.69772112e-02
 -3.54911443e-02  1.12490450e-01]
Step: 100000. 
[ 4.00066629e-01  4.69079904e-01  2.40656417e-01 -1.44175989e-01
  2.09824707e-01  1.11987772e-01  5.66672632e-04 -1.68415289e-04
  5.47637687e-04 -5.10190673e-04  5.14996469e-04 -1.77651951e-02
 -3.65153352e-01 -2.99475882e-01  1.60550589e-01  2.17021620e-01
  1.67827537e-02 -2.06175138e-01  6.75118948e-02  3.02153712e-01
  5.33222552e-02  2.79443215e-01  6.88537078e-02  3.32402634e-01
 -5.23417389e-03 -3.77604406e-03  8.04416298e-01 -2.99791581e-01
 -1.81417174e-01  1.73740035e-01]
Step: 200000. 
[ 3.58402406e-01  2.70543609e-02 -2.12373415e-01 -5.85864412e-02
  1.13328759e-01 -3.34712167e-01 -3.36110940e-03  2.70515950e-03
 -4.47631201e-02  4.19565326e-03 -1.24219252e-03 -1.53289561e-01
 -1.72081422e-01 -3.01076562e-01  1.14074542e-01  1.11954038e-02
 -3.73538749e-03  1.41848281e-02  7.10906504e-02  2.94974786e-01
  5.35759146e-02 -4.27624735e-04 -7.09571483e-04  2.39499510e-03
  2.03559991e-01 -3.46227115e-02  7.64584367e-01  1.02646604e-01
 -1.94223769e-02 -3.47825683e-02]
Step: 300000. 
[-1.57320509e-01  1.58454591e-01  1.81147089e-01  1.43160730e-01
  4.55505834e-01  1.55532971e-01  1.06066965e-02 -2.12493736e-04
 -1.71705492e-04 -3.67637546e-04 -7.26756545e-03  1.13260736e-02
  5.01999081e-03 -3.20851018e-01  1.62312942e-01 -4.20404684e-01
 -5.22638579e-02  1.68633118e-01 -3.03446263e-01  2.70450307e-01
  9.42637330e-02 -1.10926044e-01  1.37171913e-01  4.49787145e-01
 -6.69368264e-01 -2.23053370e-01  6.12291038e-01 -1.38870663e+00
 -6.07885344e-01 -1.16151463e+00]
Step: 400000. 
[-4.05348839e-01  2.32437506e-01  2.15606260e-01  5.24651860e-01
  1.16790938e-01 -4.46382587e-01 -1.66306857e-03 -5.02134583e-03
 -3.40933352e-02  2.80453203e-03  9.25790382e-03 -1.22183701e-01
  1.67731723e-01 -2.99079806e-01  6.39394708e-02 -1.06738952e-02
  3.10838616e-04  2.33466519e-02 -3.46220375e-01  2.99422124e-01
  5.87177725e-02 -1.38242228e-02 -9.38920719e-04 -3.37250683e-02
 -1.47715726e-01 -3.90481241e-04  7.50862473e-01 -9.81788600e-02
 -1.12512493e-03 -1.73947741e-02]
Step: 500000. 
[ 2.65949639e-01  1.96591287e-03 -2.95900776e-02  4.79695692e-01
  1.57028961e-01  9.38700261e-02 -1.58678088e-02  9.64175550e-04
 -3.03191804e-02 -5.03949385e-04  1.71102215e-02 -3.92758482e-02
 -1.45662945e-01 -3.00513349e-01  7.80384128e-02 -3.29755709e-03
 -4.21603101e-03 -1.26830250e-02 -3.28205657e-01  3.02746068e-01
  1.34031360e-01 -1.04892353e-02 -2.33425110e-03 -4.76587429e-03
 -5.49703057e-02 -7.58441363e-03  8.24403997e-01 -6.17300605e-02
 -2.73615671e-02  2.36712650e-03]
Step: 600000. 
[-2.60537998e-01  1.38739608e-01 -5.26013071e-01 -2.78022069e-01
  1.94226628e-01 -5.43161740e-01 -1.63863090e-02 -7.02232674e-03
 -8.10149738e-02  5.48972608e-05  1.34979302e-02 -8.96864019e-02
  1.96308010e-01 -2.95495890e-01  5.00322129e-02  3.12720787e-03
  3.20260769e-03  1.47728330e-03  2.25486384e-01  3.03822025e-01
  5.31210886e-02  1.54891754e-03  3.42868740e-03  7.78871873e-03
  4.87410400e-01 -1.22060670e-02  7.17199601e-01  7.22469210e-02
 -6.49504111e-03 -3.09087829e-02]
Step: 700000. 
[-1.33768558e-01  7.22649249e-02 -4.94439521e-01 -1.13832521e-01
  7.94726956e-02 -4.89451280e-01 -1.61082321e-02 -2.96526480e-03
 -6.88691207e-02 -2.42343236e-04  1.37638489e-02 -6.91794448e-02
  9.05827205e-02 -2.97281356e-01  5.00195409e-02  3.35884078e-03
  2.88181199e-03  5.51414472e-03  1.22620127e-01  3.02029766e-01
  5.47894657e-02  2.06884055e-03  3.29483957e-03  1.02157072e-02
  3.80766533e-01 -1.86587597e-02  7.22725953e-01  7.77807854e-02
 -6.19571392e-03 -2.80400152e-02]
Step: 800000. 
[-2.75976277e-01  3.50638664e-01 -4.90695078e-02  3.62180590e-01
  1.54071035e-01 -3.25233923e-01 -1.04029300e-02  6.31137766e-04
  7.92204736e-03  2.39369995e-05  8.81069782e-03 -2.85228093e-03
  9.92288224e-02 -2.97472166e-01  7.43720365e-02 -1.27309998e-03
 -1.19917710e-03  8.91057781e-04 -2.31735935e-01  2.98868574e-01
  5.03414976e-02 -6.38006866e-03  6.68853151e-04  3.59692325e-04
 -1.52052195e-01  1.80316422e-04  7.78766575e-01 -1.08890008e-02
 -3.85739614e-03 -1.24992605e-03]
Step: 900000. 
[ 2.61867261e-02  1.43932586e-01 -2.66565898e-02  1.52735827e-01
  3.14693232e-01 -3.05869281e-01 -3.02588628e-03  1.98527528e-03
  6.84405754e-03 -4.90972792e-05  2.29093839e-03 -2.68887992e-02
 -4.37891410e-02 -3.06799773e-01  5.33109455e-02  5.57819848e-04
  4.96029830e-04 -5.41537840e-04 -1.41535436e-01  2.98637618e-01
  5.32006600e-02 -5.50048714e-04  4.11280921e-04 -2.46864693e-03
 -1.27201607e-01  1.17187581e-02  7.93351015e-01  1.00294120e-03
  5.04932838e-03 -2.14305778e-03]
Step: 1000000. 
[-2.34994631e-01  4.73139283e-02  1.01240728e-01 -2.23225085e-01
  2.64890651e-01 -1.74272671e-01 -4.24539195e-02 -4.41337337e-03
 -1.05562628e-01  7.48468277e-04  3.30040070e-02 -1.47827014e-02
  1.72188099e-01 -2.99296594e-01  5.39664537e-02 -1.48328243e-02
  1.01848650e-02 -2.11380670e-02  1.08450129e-01  3.01372391e-01
  5.43169527e-02 -1.20210822e-02  1.57063581e-02 -9.51455743e-03
  7.54404683e-02  6.62575254e-03  7.99130610e-01 -7.77214555e-03
 -6.37291419e-03 -1.90265915e-02]
Step: 1100000. 
[ 2.77358273e-01  8.79321525e-02 -2.61461751e-01 -5.31593483e-02
  3.65932648e-01 -2.09034253e-01 -1.38858148e-04 -3.26988243e-04
 -8.33760359e-03 -5.17094757e-04  8.04385691e-04 -9.41777598e-03
 -1.38985157e-01 -3.00960892e-01  5.07338507e-02  3.54910879e-05
 -4.89410700e-05  7.05239397e-05  3.17145738e-03  2.93020123e-01
  5.07156159e-02 -1.12496448e-06 -5.83781910e-05  1.30367740e-04
 -5.62395473e-02 -1.00049645e-02  7.87708146e-01  6.04273870e-03
 -1.55104949e-03 -4.64244118e-04]
Step: 1200000. 
[ 4.50267408e-01  4.29923855e-01  1.07878055e-01 -3.97538545e-01
  4.20464646e-01 -5.25656231e-02 -6.48734382e-04 -5.56019929e-04
  7.44415498e-03  2.35059827e-03  1.38671580e-03 -4.68718393e-02
 -3.50220610e-01 -3.06762998e-01  1.54945374e-01  5.18238024e-03
 -5.34524714e-03  5.07716914e-03  1.61967036e-01  3.12872491e-01
  5.10663065e-02  2.15376172e-04 -1.65300739e-03  2.85679518e-03
  3.36040290e-02  3.37567190e-04  7.77253109e-01  3.46578149e-02
 -2.51167256e-02 -3.05141389e-03]
Step: 1300000. 
[-3.32066670e-01  1.40766449e-01 -2.38236008e-01  4.50736102e-01
  1.55259714e-01 -2.28953748e-01 -1.53935191e-02 -1.05689880e-03
 -1.19827387e+00  3.73035299e-04  1.44841708e-02 -4.07600251e-03
  1.21541493e-01 -3.59949358e-01  1.82456586e-01 -2.43731178e-01
 -2.63196247e-01  1.01656181e-01 -3.33377820e-01  2.68188759e-01
  1.24064571e-01 -1.07463924e-01 -1.17391949e-01  2.54870072e-01
 -5.06755331e-01 -2.85468359e-01  6.65047778e-01 -8.50984136e-01
 -8.22600577e-01 -7.05731614e-01]
Step: 1400000. 
[-1.55721393e-01  3.40780160e-01 -8.70515803e-02  2.27223526e-01
  1.05961665e-01 -2.35289099e-01 -3.16571164e-02  1.73182468e-03
  4.58243736e-02  1.00954169e-03  2.83485226e-02 -2.25583342e-02
  4.21642234e-02 -3.01828484e-01  4.99816979e-02  1.32743077e-02
 -8.71893435e-04 -5.97889775e-05 -9.71323689e-02  3.02700735e-01
  4.99771382e-02 -1.86403385e-03  2.56574685e-03 -2.83106201e-04
 -5.75562083e-02  1.38725116e-03  7.88752544e-01 -5.30390189e-03
  1.35756140e-03 -1.73490637e-03]
Step: 1500000. 
[ 0.4807492   0.47785496 -0.08915297 -0.43850396  0.07798298  0.28966112
  0.00432043 -0.00207821 -0.00621077 -0.00267111 -0.00511261  0.04215707
 -0.40771173 -0.29797759  0.14886143  0.01711176 -0.01327343  0.01578282
  0.27396375  0.29666591  0.06035659  0.00923685 -0.00544404 -0.01378495
 -0.00820803 -0.0104946   0.75771393  0.09046096 -0.06752853 -0.00705016]
Step: 1600000. 
[-4.47490532e-02  1.79209876e-01 -3.94474037e-02 -1.22286070e-01
  1.76123339e-01  4.11731584e-02 -1.20991127e-03  1.53778874e-03
 -2.24691139e-03  4.53061240e-04 -7.99792903e-05 -4.15009040e-03
 -3.32802779e-02 -2.99655383e-01  5.06794766e-02  7.87477829e-05
 -1.04786513e-04 -4.04330084e-04  5.08438034e-02  2.96294084e-01
  5.06802809e-02 -1.39832464e-04 -1.06502828e-04  4.79061557e-05
 -1.03673907e-01  1.04535210e-02  7.94976034e-01  2.88829410e-03
 -1.05270530e-03  1.48439996e-04]
Step: 1700000. 
[ 1.30801372e-01  5.15070166e-02 -2.03215141e-01 -3.94452224e-01
  1.36933330e-01  2.35347106e-01  1.16897581e-02  1.23806165e-03
  5.91753979e-03 -2.41727280e-03 -9.88727704e-03  2.59188510e-02
 -1.26770405e-01 -2.88062119e-01  5.31672926e-02  2.03232988e-03
 -2.70242268e-03  1.04460841e-03  2.12376345e-01  2.83761235e-01
  5.33655233e-02  2.36011553e-03  2.99828539e-03  4.69662230e-04
 -3.95780149e-02  2.89376787e-02  7.83509569e-01 -4.66494049e-03
  4.18008110e-03 -8.66994647e-04]
Step: 1800000. 
[-3.16490764e-01  4.72374003e-01  1.61079910e-02 -3.83024791e-01
  6.24450869e-01 -8.92152548e-02 -2.38305252e-05  1.25578721e+00
 -4.83175278e-01  8.54141139e-01 -4.97181945e-08 -7.99197470e-05
  1.40958632e-01 -2.87925488e-01  5.13550435e-02  4.19309999e-03
  1.47716187e-03  5.21692388e-03  1.24364575e-01  3.11995663e-01
  5.51307183e-02 -6.61110517e-02 -7.94094916e-04 -1.32549827e-01
 -7.60707657e-02  1.85282415e-02  7.61034935e-01 -1.10175805e-01
  3.05598797e-02 -1.21587311e-01]
Step: 1900000. 
[-1.79363446e-01  3.29012519e-01  6.53140812e-02  4.84125770e-01
  3.52626904e-03 -2.73083914e-01 -2.95138122e-02  2.14293151e-01
  1.27438171e-02  2.03919399e-04  2.77157503e-02 -2.75556430e-02
  7.59354234e-02 -2.77327465e-01  5.03291573e-02 -4.49595993e-02
 -5.58077100e-03 -4.33917428e-03 -3.38079550e-01  2.48001651e-01
  5.02592984e-02 -9.81705589e-04  1.54052920e-03 -1.49591418e-03
 -1.87723284e-01 -2.87308493e-02  7.75210553e-01  7.84460982e-03
  1.65676059e-02  1.15497594e-03]
Step: 2000000. 
[-4.54421785e-01  2.15280399e-03  3.42313218e-01  2.35238205e-01
 -2.18230082e-04 -3.43880920e-01  4.32566149e-03  5.95957857e-03
 -1.23966529e-02 -1.31733912e-02  1.30322419e-02 -6.33401099e-02
  2.34917039e-01 -2.71392125e-01  5.00723967e-02  2.78216983e-03
  9.40625736e-03  6.13624706e-03 -2.82722584e-01  2.34705488e-01
  5.01207060e-02 -1.09839444e-03 -3.32565812e-03 -1.26308692e-02
 -6.20231627e-02 -2.61868182e-02  7.64298522e-01 -2.20319729e-02
  1.04706617e-02 -4.53380798e-03]
Step: 2100000. 
[-1.64906562e-01  1.89007001e-01  3.24734883e-02  1.52742861e-01
  8.77929671e-04 -9.96030526e-02  1.69163993e-04  1.02281991e-05
  3.33665317e-01  1.41426769e+00 -2.11493884e+00  4.11949820e-01
  6.84027543e-02 -2.98096979e-01  5.07905702e-02  7.56718103e-02
 -2.97242963e-02  2.07840991e-02 -7.59162774e-02  2.99218456e-01
  5.07982932e-02  3.79867179e-02  1.32120826e-03  5.49845179e-02
 -6.74340337e-02 -6.33494246e-03  7.95549827e-01  8.80488246e-03
 -1.23762927e-02  1.53798354e-02]
Step: 2200000. 
[-1.41524752e-02  1.17745515e-01  1.80636470e-01  5.30082422e-01
  5.60435671e-02 -2.71879313e-01  6.92456421e-02  1.88506237e-03
 -1.08657856e-03 -3.09050818e-04 -6.19202292e-02  7.50509751e-03
 -1.45170745e-01 -2.43689696e-01  5.04127715e-02 -1.05635222e-01
  3.97540667e-02 -1.34764095e-02 -5.15393955e-01  3.19014379e-01
  5.22408025e-02 -9.38434603e-02  1.19485227e-02  5.83146166e-02
 -3.98412667e-01  3.08506608e-02  7.77544184e-01  4.22072676e-02
  2.70426088e-02  4.28318304e-02]
Step: 2300000. 
[ 6.96593699e-01  2.13316203e-03  6.46680928e-02  4.53532149e-01
  1.75827366e-02 -4.53021451e-01  1.26784007e-03 -1.66216467e-05
  1.79053418e-02 -9.96587835e-01 -3.33621111e-04  6.90336989e-04
 -7.14563325e-02 -3.15556249e-01  5.87300852e-02 -1.34356416e-01
 -1.26792970e-01 -4.51637262e-02 -3.78841413e-02  3.02106242e-01
  1.43002582e-01  5.35017934e-02  3.31553888e-02  3.17511886e-03
 -3.21651751e-01 -6.42703539e-02  7.72288363e-01 -4.67499938e-01
  1.33753706e-02 -2.10680665e-01]
Step: 2400000. 
[-1.46924460e-02  5.30700323e-01 -1.97320216e-01  5.99476700e-01
  2.84436052e-02 -3.11231144e-01 -1.45284417e-03  4.44227042e-03
  4.64051746e-02 -8.27083783e-01  2.40729749e+00 -1.71455362e+00
  1.78717153e-01 -4.35541344e-01  5.06139221e-02  5.07769976e-03
  5.71613188e-02  2.68484391e-03 -1.25568707e-01  1.23675046e-01
  5.04121616e-02 -1.66425414e-01  4.18995117e-02  4.29321249e-02
  1.19228518e-02 -1.53831104e-01  7.71421438e-01 -1.23511711e-02
  1.04306200e-01 -1.81112947e-02]
Step: 2500000. 
[-4.16053789e-01  3.91407236e-01 -1.10156038e-01  4.32446348e-02
  8.27355073e-02 -1.59370107e-01  1.32511377e-04  0.00000000e+00
  1.90226719e+01 -4.01094691e-02  4.57486749e-05  6.51493045e-06
  1.89700090e-01 -2.31455469e-01  7.60074003e-02 -2.88846495e-01
 -4.27136407e-01 -8.37538012e-01 -3.46094394e-01  9.82532980e-02
  5.66654552e-02  3.26485314e-01  6.50602844e-02 -2.14000740e-01
 -1.16814497e-01 -1.05859419e-01  7.99468342e-01 -2.57218570e-01
  1.21863171e-01 -1.82350468e-02]
Step: 2600000. 
[ 1.65244442e-01  2.91602290e-01 -4.71422798e-01 -2.27197621e-01
  9.12626421e-04  2.51923972e-01 -8.32569143e-06  1.92922034e-04
  2.63042898e-04  2.03334523e+00  2.01703232e-06 -1.67022477e+01
 -2.93600791e-01 -2.73318602e-01  6.09782475e-02  2.85867177e-01
  1.94523420e-01 -5.09626298e-01  1.21964123e-01  2.63209157e-01
  6.40264402e-02  3.55837819e-01 -1.22133292e-01  5.24871942e-01
 -1.28249152e-01 -2.37347102e-02  7.87548510e-01 -2.71980005e-01
 -1.94663794e-01 -2.48972038e-01]
Step: 2700000. 
[-2.63844837e-01  3.98219043e-02 -1.32258578e-01 -3.01747002e-01
  2.51022601e-02  2.19113334e-02  2.05291598e+00 -3.40816907e-07
 -2.17321370e-04  1.94970311e-01  3.55271368e-15  7.28959774e+00
 -4.80696267e-01 -3.76614939e-01  6.00540264e-02 -2.99759456e-01
 -7.80218084e-02 -1.87408527e-01 -4.08183081e-01  2.19161244e-01
  7.28288959e-02  5.35363365e-02 -8.20770929e-02 -5.46547410e-01
 -4.35495672e-01 -1.01838750e-01  8.09815991e-01 -1.24885615e-01
 -1.87151926e-03 -1.67411579e-01]
Step: 2800000. 
[ 6.09182651e-02  6.16118410e-01 -4.97339079e-01  3.67560104e-01
  2.26840203e-03 -1.48750967e-01 -3.68152036e+00  1.57394879e+00
 -1.96293470e-09 -1.21691568e+00  0.00000000e+00 -4.96480555e+00
 -1.52956280e-01 -3.82559446e-01  1.37638246e-01  1.01897328e-01
  1.97494316e-01  4.31424490e-01 -6.54840076e-01 -5.23270336e-02
  1.32804143e-01 -1.10643181e-01 -1.34909349e-01  3.67494205e-01
 -6.08590240e-01 -5.88042959e-01  7.25801746e-01 -4.60587686e-01
 -6.42245724e-01 -3.48738354e-01]
Step: 2900000. 
[ 4.11608718e-01  3.15062486e-01 -5.41528071e-01 -6.49533292e-01
  1.45224880e-02 -2.91997508e-01  2.78545511e+00 -3.52448613e+00
  2.10935185e+00  7.05072018e-05  3.98817390e+00 -1.32079053e-05
 -6.45736328e-02 -4.99010247e-01  6.19592670e-02  1.31979289e-01
 -3.29339246e-02  7.77504634e-02 -3.15641297e-01  3.89361058e-01
  2.03231302e-01 -7.84441622e-02 -2.82153113e-01 -6.20521211e-01
 -3.38417532e-01 -1.88950247e-01  7.16462539e-01 -4.61068877e-01
 -2.69786803e-02 -1.47256064e-02]
Step: 3000000. 
[-2.63930359e-03  7.01931555e-01 -1.11217644e-01  1.22534690e+00
 -3.50830726e-02 -1.87365923e-01  4.44089210e-16 -2.62130887e+00
  5.26006157e+00  1.76266644e-04  6.18889136e+00 -7.52114829e+00
 -3.31743232e-01 -2.46162191e-01  8.45994800e-02  4.33359095e-02
 -4.25071657e-01 -7.59756593e-01 -3.97109344e-01  5.31493327e-01
  1.00355672e-01 -9.42799523e-01  8.73228579e-01  7.08511337e-01
 -4.05871342e-01  1.49917087e-01  7.51989867e-01  9.48064747e-02
 -2.21276111e-01 -4.18638205e-01]
Step: 3100000. 
[-4.95655828e-02  3.57127365e-01 -2.89727875e-01 -2.76219488e-01
  5.36871538e-01 -9.61247940e-02  6.98484303e+00 -1.11288175e+01
  1.45298975e+01 -1.06368338e-04 -2.81868233e-05  0.00000000e+00
 -1.67663348e-01 -2.28643162e-01  6.49005810e-02  3.90927311e-02
 -2.48407924e-01 -9.42484151e-01  1.01200873e-01  3.11871118e-01
  6.41699348e-02  3.37106278e-01 -2.17011195e-01 -2.04262340e-01
 -9.49097410e-02  6.64462834e-02  7.95674548e-01  2.82839215e-02
  2.92621176e-01 -1.16069029e-01]
Step: 3200000. 
[ 1.11817138e-01 -6.72370446e-04 -4.30378723e-01 -5.31030586e-01
  1.30486069e-01 -6.23691557e-02 -1.72754407e-02  4.03422267e-02
 -2.37739675e-02  7.34195327e-01  2.45240192e+00 -1.85460492e+01
 -3.77651955e-01 -1.53032589e-01  7.68161971e-02  4.07313007e-01
  1.64717133e-01 -6.32809843e-01  1.94788959e-01  2.39716938e-01
  7.93072165e-02  6.58252555e-02  1.60886739e-01  8.69926379e-01
 -9.43240479e-02  1.79018562e-02  7.91370818e-01 -2.08891810e-01
 -3.94175078e-01 -2.55005392e-01]
Step: 3300000. 
[ 2.46800505e-01  2.72520091e-02 -1.52108354e-01  1.24243500e-01
  5.01362952e-02 -8.74532043e-02  1.77635684e-15  7.77541067e+00
 -1.81499756e+01  2.14902761e-04  3.94598426e+00  1.09656079e-05
 -3.00481344e-01 -2.24543268e-01  6.38295060e-02 -1.39629947e-01
 -1.21663744e-01  8.12219094e-01 -3.34853800e-01  3.78102213e-01
  5.68909093e-02 -2.46542650e-01 -9.73468840e-02 -2.42056347e-01
 -3.00912113e-01  8.47064798e-02  8.07054010e-01 -2.10473021e-01
  8.83533024e-02 -1.12686543e-01]
Step: 3400000. 
[ 5.48744200e-01 -2.46424136e-04 -3.51985451e-01 -1.48826197e-01
  1.67859851e-01  2.08446547e-02  3.95602814e-01  1.51486671e-02
  1.91883231e+01 -6.62575572e-04  1.44680902e-03  1.36104044e-02
 -1.02130438e-01 -3.15301579e-01  7.73425779e-02 -5.89249412e-01
 -3.12074765e-01 -9.04033035e-01  1.49693113e-02  3.76583896e-01
  7.36270938e-02  2.17881885e-01  1.41027889e-01  4.12550297e-02
 -8.48708496e-02  5.34828371e-03  7.87849037e-01 -1.10979206e-01
  1.91144250e-01  2.19108934e-02]
Step: 3500000. 
[ 9.40080811e-02  1.09966995e-02  1.36890162e-01  5.73415522e-01
  1.91466344e-02 -6.34967077e-01 -4.50843913e+00  1.66910326e-05
  1.65120913e+01  0.00000000e+00 -5.25486157e+00 -4.15893882e+01
 -2.68640223e-01 -1.70293731e-01  6.87522129e-02 -5.05805559e-01
  3.16766853e-01 -6.35472484e-01 -3.05834586e-02  4.47778894e-01
  8.72584791e-02  1.16428319e+00 -9.50299278e-01  2.30725557e+00
 -1.16790342e-01  1.49630003e-01  7.99991302e-01  1.57963251e-01
  2.48431416e-01 -3.12394742e-02]
Step: 3600000. 
[-0.10291656 -0.00516986 -0.86378664  0.64831321 -0.04229624 -0.08239767
 -0.22676812  0.3101916  -0.11093418 -0.03692145  0.09118371 -0.06663551
  0.27844081 -0.24090514  0.17307994  0.06546594 -0.02940241 -0.39040356
 -0.2437804   0.31012898  0.12983417  0.03657156 -0.01460781 -0.34786384
 -0.04639912 -0.02238312  0.82235659 -0.16060507 -0.27651745 -0.41827697]
Step: 3700000. 
[ 2.37320078e-01  5.84919463e-02 -2.03561022e-01 -2.67158439e-01
  6.03926069e-02 -7.20546538e-01 -7.16535233e+00  1.41080165e+01
  3.58888279e-08 -8.33904257e+00  1.45307365e+01  0.00000000e+00
 -7.80123301e-02 -3.20260059e-01  5.26731086e-02 -1.22810410e+00
 -1.93204386e-01 -2.17946922e-01  3.06696851e-01  2.33015187e-01
  1.60203536e-01 -3.81872806e-01 -1.27863993e-01 -6.95001542e-01
 -3.92704562e-02 -2.22224114e-02  7.92709461e-01 -5.21959803e-01
  3.39188199e-01 -1.83024343e-01]
Step: 3800000. 
[ 6.73395596e-01  1.85506707e-01 -7.74390928e-01 -7.79191126e-01
 -3.07702367e-03 -7.18835437e-01 -1.94251128e+00  3.36265046e-06
 -9.05081248e-05  1.11022302e-16 -6.26607603e+00  1.64153124e+01
  1.56707631e-01 -2.77990246e-01  1.29377178e-01 -8.42616863e-02
  2.66660260e-01 -4.56827052e-01 -2.22146929e-01  6.85734592e-01
  1.91895908e-01 -1.39477393e-01  1.09294596e+00  4.79165010e-01
 -3.30260531e-01  7.21538749e-02  5.84603333e-01 -7.47919808e-01
 -2.27998456e-01 -6.33098027e-01]
Step: 3900000. 
[ 2.39736781e-01 -7.19884022e-02 -1.00582469e-01  1.37160847e+00
  1.84929864e-01 -7.70177415e-01  4.88671090e+00  0.00000000e+00
  2.33451529e-04  7.88478291e-01  8.83539869e-01 -9.72692422e+00
 -1.87077062e-01 -4.72931676e-01  1.47599840e-01 -3.65056647e-01
  6.08607997e-01  7.61655418e-01 -4.11530931e-01  4.46128540e-01
  2.19342875e-01  1.04427410e+00 -8.93452133e-01 -6.18209488e-02
  2.08318040e-01  1.69367879e-01  4.21926385e-01  7.33695293e-01
  1.72436111e-01  4.57814153e-02]
Step: 4000000. 
[-0.08285242  0.01364481  0.02460544  0.0063445  -0.00122043 -0.40298502
  0.15774268  0.94999109 -1.04634905  0.67919682  0.07333658  0.
 -0.09417084 -0.35440995  0.09913336  0.17070505 -0.03436814 -0.10341262
 -0.13825424  0.24512263  0.11485644  0.17789202 -0.02478814 -0.31515914
 -0.00181951 -0.03685696  0.83858247 -0.12488899  0.16977208 -0.17370274]
Step: 4100000. 
[-8.15442153e-02 -2.53554879e-03  8.02088257e-01 -8.31242188e-01
  6.78021737e-01  5.24774507e-01  7.89936897e-01  1.52132928e-01
 -1.00166074e+00  6.05368030e-01 -1.47921645e+00  6.29917505e-06
 -1.71533193e-01 -7.21303116e-01  2.08951874e-01 -3.91816100e-01
 -8.87950849e-01  3.80382645e-02 -4.36239943e-01 -1.25482244e-01
  2.62631710e-01 -7.01458085e-01 -7.02312752e-01 -4.61196555e-01
  1.62136616e-01 -2.08003524e-01  7.64547333e-01  4.30093824e-01
  1.97860171e-01 -1.45785271e+00]
Step: 4200000. 
[-5.94528038e-01  9.38148744e-02  2.64669936e-01 -1.18348582e-02
  4.74186736e-02 -8.51460714e-01  2.35279772e+00 -1.80619448e-08
 -1.95368771e-04  6.32369006e-01  5.17041726e-01  0.00000000e+00
  3.07904374e-01 -3.43076015e-01  8.62783902e-02  2.22241838e-01
  1.73906703e-01 -5.09372103e-01 -4.18286997e-03  2.53769166e-01
  1.66485903e-01  5.11776972e-01 -1.46405531e-01 -4.18379604e-01
  9.27223864e-02 -1.12803859e-01  8.27419141e-01 -3.67123073e-02
 -2.05388810e-01 -3.47640364e-01]
Step: 4300000. 
[-2.42403805e-01 -6.15386190e-04 -4.12019301e-02  2.39469937e-01
 -2.31325199e-02 -4.81421314e-01 -1.58349539e-02  3.69231714e-02
 -2.31920558e-02  1.34507689e+00  8.57380785e+00 -4.22855766e+01
  4.19828752e-02 -2.98222062e-01  6.62143961e-02  4.02828639e-01
 -7.33717399e-01  2.30193525e-01  1.57366143e-01  3.49799563e-01
  9.59454346e-02  1.40312251e-01 -8.76783300e-02  2.70803866e+00
  1.56311538e-01 -3.59674016e-03  8.05038988e-01 -1.02852771e-02
 -7.05166345e-02  2.95019072e-02]
Step: 4400000. 
[  0.11981293   0.41364183  -0.32423363   0.37055662  -0.04240584
  -0.65306273  16.44049405  -3.29591684  17.5986407   20.29140216
 -13.21473063  24.20290758  -0.12341244  -0.63145135   0.06010511
  -0.74462078  -0.25929049  -0.91422605  -0.29273673  -0.05905731
   0.12487792   0.61415291   0.12728028  -0.83587527  -0.14930338
  -0.38063342   0.80583354   0.15039736  -0.33028017  -0.13401814]
Step: 4500000. 
[ 5.68944189e-02 -6.05657679e-03 -8.65887473e-01 -3.88458929e-01
 -9.51886426e-03 -7.30403737e-01 -2.58406218e-01  3.63394607e-01
 -2.64927516e+01 -6.21830339e-02  2.80084632e+00 -7.23758132e-03
  3.89697412e-01 -3.88835172e-01  1.75966491e-01 -5.64375772e-02
 -1.20485441e-01  1.33357861e+00  8.55713574e-01 -1.66682279e-01
  5.85353634e-01 -1.80341495e-02 -7.73531545e-01  7.80140779e-01
  1.65303031e-01  1.24131674e-01  7.00065515e-01  4.01424394e-02
  8.08140190e-01 -1.89446543e+00]
Step: 4600000. 
[-0.44257821  0.76731304 -0.91987313 -0.06386264 -0.00671013  0.08852101
 -0.1716902   0.01980984  0.00425699 -0.16753384  0.40260762 -0.26899061
 -0.17691529 -0.33736938  0.12297095  0.11285617 -0.03661618 -0.03197004
 -0.11667412  0.26327999  0.07552506 -0.1855924   0.00983442  0.12011925
 -0.14306746 -0.07424903  0.81388707 -0.15175313 -0.18057965  0.03211622]
Step: 4700000. 
[ 1.66103221e-01  2.06023660e-01  7.13461629e-01 -2.57463645e-01
  5.27913958e-03 -2.15845336e-01 -6.06319711e+00 -2.99569368e+00
 -1.33796597e+01  3.93869223e+00 -2.23503195e+01  1.56957067e+00
 -5.83210943e-01 -1.98078728e-01  2.02586576e-01  2.03241080e-02
  1.00024670e+00 -1.65766913e+00 -9.79800437e-02  3.29027146e-01
  1.05308852e-01  1.07880779e+00 -2.69507877e-01 -1.43784767e-01
  6.77934601e-02 -1.74918349e-01  6.99933657e-01  4.71314846e-01
 -1.01115947e+00 -1.44090635e+00]
Step: 4800000. 
[ 4.92196511e-01  1.04311264e+00 -3.87173764e-01  7.20493867e-01
  3.07410871e-02 -7.46568038e-01  1.34735162e+01 -5.38965623e-02
 -2.44447657e+01  9.98340328e+00  8.88178420e-16 -2.95642344e+01
  2.20576746e-01 -3.41593575e-01  1.75750591e-01 -2.51452940e-01
 -4.00586629e-01  6.10965360e-01 -9.42070617e-02  2.02208491e-01
  1.40233468e-01 -9.93246938e-01 -6.42933674e-01  1.58471192e+00
 -9.41134415e-03 -1.34412163e-01  8.20246973e-01  2.54366505e-01
 -1.97464333e-01 -1.05177932e+00]
Step: 4900000. 
[-0.2554616   0.08897782  0.79579304  1.206216    0.03049905  0.84156141
 -0.04207023  0.18100935 -0.62370257  2.61400093 -0.11423575  0.
  0.22843416 -0.71141784  0.198405    1.4176486  -0.72565235 -0.16098375
 -0.2130754   0.25379607  0.19130798  0.15390769 -0.11811809  0.84522461
  0.43637006  0.01343198  0.53229446  1.15852122 -0.03182685 -1.50023425]
Step: 5000000. 
[-1.06146292e-01 -4.47660595e-03  6.02862819e-02  1.05036952e-01
  1.29391279e-01  4.77141437e-01  3.27932909e+00  2.68517277e-01
  5.63519654e+01  4.44113693e+00  2.74004790e+01 -6.94317634e+01
 -1.43728596e-01 -2.76691025e-01  1.08789553e-01 -1.44341298e+00
  5.73510677e-01 -1.69297062e+00 -7.49010581e-03  3.39893569e-01
  1.54380321e-01  1.10616012e+00  3.83403934e-01  3.02888621e+00
  3.13333310e-01 -1.35875247e-01  7.49442711e-01  9.18311114e-01
 -4.22677520e-01 -2.45279954e-03]
Step: 5100000. 
[-1.69181863e-01  3.97983223e-02 -2.40102168e-01 -7.36159438e-01
  1.16871577e+00 -7.50619039e-01 -7.06736229e+00  5.20301018e+00
  0.00000000e+00 -1.73634928e+00 -4.74630077e-07 -2.48178681e+01
 -5.11455198e-02 -3.11404780e-01  8.64449799e-02 -3.21536970e-01
  1.09447573e-01  9.67017056e-03 -1.52116284e-01  2.86855460e-01
  7.49560828e-02  4.27484544e-01  4.77049529e-01  1.75419568e+00
 -4.38038125e-02  1.15321394e-01  7.58956496e-01  2.59500845e-01
 -2.87753961e-01  2.88120182e-01]
Step: 5200000. 
[ 0.29811953 -0.01885285 -0.7842063   0.80578933 -0.00882524 -0.13343416
 -0.02796276  1.13145544 -0.02554405  0.26914098  0.52951468 -0.00669347
  0.22465988 -0.26583387  0.23324002  0.89332912  0.16461702  0.26574741
  0.00506544  0.3751725   0.1131976   1.27641735  0.23272874 -0.11605841
 -0.01634161  0.11264093  0.85105164 -0.18574909  0.2493387  -0.17138349]
Step: 5300000. 
[-2.28674458e-01  1.23896483e-01 -5.72527191e-01 -1.83708326e-01
  2.46528864e-01 -6.26326562e-01 -1.26274067e+01  1.55629567e+01
  2.59100434e-06 -3.14286886e+00  1.77635684e-15  6.14692035e+00
  6.01917577e-02 -2.07091094e-01  1.23981922e-01 -6.91277784e-01
 -3.74692858e-01 -3.77246830e-01 -8.26102618e-02  3.77404530e-01
  1.65620059e-01 -2.51683522e-01 -1.20326132e-01 -7.14528738e-01
  2.36189446e-02  4.46877971e-02  8.59053497e-01 -7.64794672e-02
 -4.30311717e-02 -3.28626835e-01]
Step: 5400000. 
[-3.46310850e-01  9.24300626e-02  1.05003990e-01  1.75542980e-01
  5.91821892e-01 -4.55973349e-02 -3.68892791e-06 -2.71425090e+01
  1.77635684e-15 -2.06222940e+01  1.89632983e+01 -1.73212777e+01
  1.95812012e-01 -2.99700872e-01  7.34329765e-02  2.16429157e+00
  4.87239238e-01  8.92475922e-01 -2.89041613e-01  2.99618043e-01
  1.26533775e-01  1.73599270e-01 -4.41859220e-01  1.60919112e+00
  9.50082772e-04  1.99654880e-04  8.01094606e-01  3.60055332e-01
  5.13344230e-02  1.29342639e-01]
Step: 5500000. 
[ 4.02760875e-01 -1.00716559e-01  1.57707121e-01  4.75876077e-01
  9.47064749e-02 -6.87388120e-02 -1.19645970e+00  6.91548895e+00
 -3.92533406e+01  1.39795052e-04  8.88178420e-16  2.13924041e+00
  3.65608986e-01 -2.06262184e-01  7.85657307e-02  7.79942704e-01
  4.31482189e-01  6.55879850e-01  8.51006193e-02  3.33690740e-01
  9.17532329e-02  1.08761636e-01  2.11774225e-01 -3.73370251e-01
  1.44903131e-01  2.56595786e-02  8.27411952e-01  4.97539773e-01
 -1.36811546e-01 -4.57655105e-01]
Step: 5600000. 
[-8.07103158e-01 -1.47913848e-02 -8.46626093e-01 -9.48765858e-01
  1.42679118e+00 -9.08349022e-01  7.57685061e-06  6.48510245e+00
  5.65761837e-07  2.99931698e+00 -8.04065438e+00  6.69284810e-05
  4.76844030e-01 -2.42351558e-01  1.98322173e-01  9.82567954e-02
  1.25475940e+00 -1.07481344e+00  3.27349348e-01  4.26833055e-01
  1.45832202e-01  8.37412986e-01  5.73942315e-01  8.30160186e-01
 -3.32218061e-02  9.83579808e-02  5.87692818e-01 -9.63043571e-01
 -7.65641168e-01  1.44213066e-01]
Step: 5700000. 
[-8.87172097e-02 -4.02474788e-02 -3.91644086e-01 -1.20559019e-01
  5.67118749e-02 -7.98509993e-01  9.61792706e-04  3.01629917e+00
 -7.77786007e+00  6.85587623e+00 -9.84705314e+00  7.86719558e-01
  8.00933412e-01 -3.42048540e-01  2.42756383e-01  5.83690031e-01
  1.40817945e-01  2.11534385e-02  7.00807731e-01  2.48656358e-01
  2.01932029e-01  7.59892138e-01  1.36738384e-01 -4.03152596e-01
  8.74225254e-01  5.27049060e-02  9.20764241e-01  2.54477420e-01
  2.91430942e-01 -3.97664661e-01]
Step: 5800000. 
[ 9.23418023e-02  1.56863031e-01 -6.96519840e-01 -3.80996524e-01
  1.22518433e+00 -9.47271536e-01  1.23559415e+01  0.00000000e+00
  1.97133233e+01  1.55284307e+01  4.61669831e-06  1.64806447e-06
 -8.39423717e-02 -3.01061568e-01  1.58974118e-01 -3.03782673e-01
  1.05569628e-01 -1.42719205e+00 -1.46922996e-01  2.98967113e-01
  2.17365666e-01 -3.60230518e-01  1.93490839e-01  2.68861173e-01
 -1.27860062e-02  3.77317520e-02  8.45846934e-01 -1.92206015e-01
 -8.05628743e-02 -9.56856655e-03]
Step: 5900000. 
[ 2.15571146e-01  2.29692131e-01  8.12234447e-02  4.53375974e-01
 -6.85241950e-03  6.06892901e-02  3.35050566e+00  3.72190995e+00
  0.00000000e+00  5.93866131e+00  4.11145210e-01  2.69112787e+01
  2.70733951e-01 -2.04067860e-01  9.57455754e-02 -6.83809817e-01
  3.43445560e-01  1.85934958e-01  3.64638997e-01  3.91243267e-01
  1.21769913e-01 -1.74380694e+00  7.59773399e-01 -7.08384210e-01
  2.99632204e-01  7.55376217e-02  8.56582490e-01  3.68998488e-01
 -2.10566387e-01  1.64315189e-01]
Step: 6000000. 
[-6.90059496e-02 -2.79395852e-02  9.42972529e-01  8.98325437e-02
  1.64869435e-01  9.10252489e-01  4.06512236e+00 -8.31582676e+00
  2.97755281e-06  1.01848883e+01 -3.40696513e+01  6.65538733e+01
  3.87592098e-02 -3.17929826e-01  1.68396696e-01  7.64645431e-01
  1.08417007e-01  1.35909291e-01 -1.01441149e-01  2.91465688e-01
  1.89096276e-01  1.58482456e+00  1.21412973e-01 -4.50217200e-01
  4.23395109e-01  8.07084031e-02  7.81245571e-01  1.87816094e+00
  3.29422846e-01 -6.90820457e-01]
Step: 6100000. 
[ 3.69265996e-01  7.04652599e-01 -7.13646986e-01  3.45519669e-01
 -5.29270705e-04 -7.15458780e-01  6.31645166e+00 -6.84413426e+00
 -3.38594544e+01  2.95399318e+00  2.70601810e-02  1.38908496e+01
  6.38562359e-03 -2.42727059e-01  1.27785091e-01  1.53656271e+00
 -8.74100609e-02  2.33205029e+00  3.62367941e-01  2.94111353e-01
  1.63025338e-01  8.24024600e-01 -2.48403864e-01 -1.89830762e-01
 -4.66025370e-02  1.15098974e-01  7.83415477e-01  2.07868489e-01
  3.84872648e-01  5.60952154e-01]
Step: 6200000. 
[ 5.14973008e-01  1.37270234e-01 -8.28222415e-01  8.01455082e-01
  1.73026621e-02 -7.92578582e-01  8.73801248e-07  1.75697593e+01
  0.00000000e+00  1.34602739e+01 -8.22224477e+00  4.30831987e-01
  2.30183988e+00 -2.45139630e+00  6.05051372e-01  1.54802353e+00
 -2.26987705e+00 -6.96912714e-01  1.81246920e+00 -2.45965289e+00
  2.32522425e-01  1.02041788e+00 -2.48723444e+00 -1.37706049e-01
  2.04129182e+00 -1.76785781e+00  4.09429114e-01  2.69632046e-01
 -2.89151786e+00 -6.09622111e-01]
Step: 6300000. 
[ 1.94592679e-01 -2.19973269e-02 -4.78418190e-01 -1.02648284e+00
  1.11383210e-01  4.10617237e-01  2.11527553e+01 -3.87685793e+01
 -3.67189603e+01  2.56294221e+00  0.00000000e+00  1.49909343e-04
 -3.10156775e-01  5.21671249e-01  8.55701386e-01 -1.86396743e+00
 -4.28083182e+00  6.85611766e+00 -8.99808498e-01 -1.53130878e-01
  9.90808126e-01  1.19278688e+00 -4.52207093e+00  2.51873878e+00
 -2.35114498e-01 -2.21127837e-01  5.80618388e-01 -8.97353810e-01
  1.22841868e+00 -2.19649364e+00]
Step: 6400000. 
[-7.39428952e-01  2.00227543e+00  1.84323304e-01  2.62718694e-01
  1.22070425e-01  6.12725012e-01  6.24882721e-01  1.46550760e+01
  1.41946015e+01  1.83882909e+00  0.00000000e+00  3.06803726e+01
 -1.32422102e-01 -2.94779723e-01  3.71571767e-01 -3.33521755e+00
 -5.90952604e-01  4.27022956e+00 -2.91954487e-01  3.12837199e-01
  1.88552368e-01 -3.53080639e+00 -1.47066981e-02  3.64763239e-02
  3.53153272e-04 -2.74117301e-02  8.76061289e-01  1.48359158e-03
 -1.06517855e-01 -9.89423894e-01]
Step: 6500000. 
[-1.99548632e-01 -5.17578717e-02 -6.58829227e-01  9.59415003e-01
 -3.39829776e-02 -2.76250140e-01 -1.11350469e+01  5.45100152e+00
 -3.25543604e+01  4.00872206e+00 -3.67699891e+01  6.20773535e+01
  1.90546191e+00 -2.77087550e+00  2.63186673e-01 -2.00866086e-01
 -2.98524899e+00 -5.06468093e-01  1.10414606e+00 -2.31839845e+00
  3.20583287e-01  2.17826758e+00 -4.15932870e-01  1.55681782e+00
  1.20253023e+00 -3.05874464e+00  4.20268784e-01  1.85759250e+00
 -3.44329074e+00 -1.28875090e+00]
Step: 6600000. 
[ 3.74499022e-01 -1.62624019e-02  2.28230500e-01  2.51560496e-01
  3.09756042e-01  9.31295236e-01 -1.10664704e+01  9.75744116e-01
  6.69853291e+01 -8.89826737e+00 -2.56877899e+01  7.17677494e+01
  1.72815963e-01 -9.59211196e-02  1.79162265e-01 -1.61196025e+00
  1.18781164e+00 -3.43721972e+00 -1.81868944e-01  3.69302929e-01
  3.54549523e-01  2.47157452e+00  1.83645054e+00 -7.28634618e-01
  1.88101182e-01  1.29574599e-02  9.74112944e-01 -5.89714057e-02
 -7.09819660e-01 -6.85044403e-01]
Step: 6700000. 
[ 3.99834056e-02 -6.87613636e-02 -6.15038129e-01 -2.40346684e-01
 -5.85194632e-03 -4.70499510e-01  1.16591770e+01  0.00000000e+00
 -2.62845252e+00  1.72916143e+01  3.51115792e-01 -5.46693852e+01
  4.39200756e-01  8.33799397e-02  2.12564518e-01  2.21213914e-02
  3.76153589e-01 -1.50591563e-02 -1.72768447e-01 -6.75858358e-03
  2.68993608e-01  8.29162995e-01  1.53665068e+00  3.84571649e+00
  1.16776809e-01  5.89848877e-01  7.00219988e-01 -1.63129859e-01
  1.33978585e+00 -1.34858709e+00]
Step: 6800000. 
[-5.39830475e-01 -3.71172759e-02  9.19928044e-01 -5.64511643e-01
  2.74047338e-01  1.92636301e-02  8.66654454e+00  1.97474678e+00
  0.00000000e+00  1.19170721e+01 -5.75059173e-01  4.99449371e-11
  5.88854682e-02 -4.26917437e-01  1.76615604e-01  2.53871300e+00
 -1.34136834e+00 -6.84497509e-01  3.54396310e-01  9.34740799e-02
  1.20563576e-01  2.84884975e+00 -1.46735148e+00 -1.04068794e+00
  3.24442925e-01 -1.32516017e-01  8.86214849e-01  8.29438250e-01
  1.13514770e-01 -2.17636997e-01]
Step: 6900000. 
[-2.64557986e-01  1.38363402e+00 -6.06213934e-01 -1.28258448e-01
  3.70161334e-01 -8.38143288e-01  3.82123823e+00 -1.64046644e-01
 -2.51134180e-06 -3.78043975e-07  1.73173745e+01  0.00000000e+00
 -3.06199425e-01 -6.89790225e-02  3.10747054e-01 -4.17329031e-01
  1.03885228e+00 -7.71660818e-01  9.49705085e-02  4.17195159e-01
  1.54338316e-01 -2.05907053e+00  1.27724253e+00 -6.03189359e-02
  4.32344631e-02  1.31667692e-01  8.62310231e-01 -1.37479324e-01
 -1.51480502e-02 -6.52601614e-01]
Step: 7000000. 
[ 2.76125184e-01 -6.98693380e-02 -8.30421965e-01 -4.57002174e-02
 -1.19885921e-02 -9.27852415e-01 -1.44970881e+01  6.64935082e-06
 -4.15070165e+01 -1.59235196e+01  7.19315524e-01 -7.97499145e-05
 -1.79059344e-01 -3.14047646e-01  1.66610614e-01 -2.23957533e-01
  3.43780466e-01  2.45104120e+00  1.89539719e-02  2.78732871e-01
  1.77373123e-01  2.84162072e-01  4.95636227e-02 -2.93693987e-01
 -2.25167418e-01  3.70838929e-02  8.49959644e-01  2.57432774e-01
  3.02419584e-01 -4.10999999e-01]
Step: 7100000. 
[ 1.41017257e-01 -3.24569818e-04  3.67794832e-01  4.84808587e-01
  4.76324973e-01  4.94966885e-02  9.17240884e+00  1.94741891e-02
 -5.75463718e+01 -1.18441017e+01  5.23404962e+01 -6.93490636e+01
  7.77924330e-01  2.44681075e-01  7.32873469e-01  4.59966832e+00
  3.39129674e+00  5.80917904e+00  3.28136921e-01 -2.66848327e-01
  8.91350611e-01  2.16522322e+00  3.15204024e+00  4.30882711e+00
  1.05649665e+00 -5.30735775e-01  6.77117355e-01 -5.61425941e+00
  7.14813092e-02 -2.66954276e+00]
Step: 7200000. 
[ 1.65478349e-01  2.90699994e-01  2.50853322e-01 -4.27426922e-01
  3.23340308e-01 -9.36973210e-01  3.28592627e+00 -2.55643292e+01
  6.16212864e+01 -1.96501682e+00 -1.19278699e-06  0.00000000e+00
  9.91875136e-01 -6.14112108e-01  1.75882460e-01 -7.55689625e-01
 -3.06067405e-01 -2.95307503e-01  1.30127735e+00  4.30249045e-02
  1.92242185e-01 -4.02489490e-01 -8.19187999e-01  4.05697543e-01
  1.37115827e+00 -3.49108023e-01  8.31718667e-01  1.77048803e+00
  3.53905500e-01  8.31959729e-01]
Step: 7300000. 
[-6.89017263e-01 -4.99158860e-02 -8.48906533e-01  8.99924136e-01
 -4.22751073e-02  1.41296552e-01 -1.47103660e+01 -3.04783754e-09
 -1.21848436e-06 -2.32569145e+01  0.00000000e+00  4.69787887e+01
  4.64932041e-01 -5.78869112e-02  2.87831942e-01  1.03977639e+00
  2.57971956e+00 -9.58389066e-01 -3.79504127e-01  6.46508152e-01
  2.86751897e-01 -1.11556096e+00 -1.02521181e+00 -1.34049708e+00
  2.61583673e-01  5.15883402e-01  7.03133964e-01  1.53447597e+00
  8.57326981e-01  2.54424864e-01]
Step: 7400000. 
[ -0.29132946   0.05125989  -0.62497414  -0.21041939   0.33619918
  -0.89552953 -24.11308665  11.93095945  38.64885031 -19.68737143
  16.32749004   0.           0.28564484   0.08959485   0.19633032
   0.19325614   1.00494675  -2.38040733   0.83025645   0.29808352
   0.37992915   0.34492997   0.43603533   0.58048886   0.53555508
  -0.23270404   0.83964244   0.67481667  -0.32701456  -0.62739947]
Step: 7500000. 
[-7.95610967e-01 -3.00448565e-02 -3.85789937e-01 -7.74560836e-01
  6.50375553e-02  6.95849324e-01 -1.93708782e+01  1.80269139e+00
 -1.44040485e+01 -2.33209722e+01  8.57947805e+00 -1.02882680e-09
 -3.28107671e-02 -2.79727467e-01  2.01649500e-01  1.27931678e+00
  1.99809962e-01  1.54757538e+00 -2.33664606e-01  2.96338388e-01
  1.76986801e-01  7.89731107e-01  9.41491354e-02  3.01423119e-01
  2.94709002e-02  3.58693098e-02  8.96359216e-01 -2.51439592e-01
  2.51710663e-01 -5.25925439e-01]
Step: 7600000. 
[-1.19848150e+00  7.31341452e-01 -1.02222074e+00 -6.34200791e-02
 -1.28827324e-01 -1.16904829e-01 -4.18715975e+00  9.43208398e+00
  1.35715962e-05 -8.97618438e+00  0.00000000e+00 -2.18374128e-04
  1.09083504e-01 -2.69274740e-01  1.88084381e-01 -2.28262826e-01
  2.59266279e+00 -8.40606294e-01  3.05927296e-01  4.59720019e-01
  1.11925662e-01  1.97198091e+00 -1.30742044e+00  3.01427130e-01
  1.17082390e-01  9.15875539e-02  7.95030367e-01 -5.05897066e-02
 -1.79376779e-01  1.80651512e-01]
Step: 7700000. 
[-4.05797742e-01 -8.89115849e-02  6.16103043e-01 -8.82227590e-01
 -6.25455679e-02  8.07897403e-01 -4.58614201e+00 -1.58423975e-04
  1.59614302e+01 -6.28481453e+00  6.38840972e-05  2.02122213e+01
  1.39466386e-01 -4.96908011e-01  7.74712983e-02 -1.51731807e-01
 -9.02506928e-01 -5.51716066e-01  7.33057841e-01 -2.10401969e-01
  1.75124307e-01  3.01166794e-01 -1.53220361e+00  1.03611610e+00
  1.41593731e-01  1.70788480e-01  5.46033304e-01 -5.61003949e-02
  5.89375147e-01 -2.55026686e+00]
Step: 7800000. 
[ 3.24173267e-01  1.35722568e+00 -7.83799962e-01  1.22523676e+00
 -8.96183522e-02 -8.85944766e-02 -4.80802169e-01 -2.38536820e+00
 -4.00398631e+00  5.77973328e-05 -1.45923096e-07  3.22557588e+01
 -5.80206876e-01 -2.21900088e-01  1.33862387e-01 -2.00906908e+00
 -5.99767706e-02 -4.38655419e-01 -5.36257066e-01  3.97331497e-01
  1.54474098e-01 -3.95576296e+00  8.72426861e-01 -9.65202426e-01
 -2.65143436e-01 -6.28804543e-02  6.84160727e-01 -5.11801482e-01
  8.43102161e-02 -1.02360528e+00]
Step: 7900000. 
[ 4.87937932e-01  7.05244725e-01  3.47740706e-01  5.97455496e-01
 -1.11906194e-01 -8.54512062e-01  1.07665601e+01 -2.74795315e+00
  2.88781415e+01  1.05713022e+01  0.00000000e+00  1.53994284e-04
 -3.50571240e-01 -1.27907377e-01  1.78960611e-01 -1.72482549e+00
  1.82715062e+00 -2.30617986e-01  1.52508726e-01  2.69840152e-01
  2.75599849e-01  1.07598516e+00 -6.50376655e-01 -1.88203404e+00
  7.61558412e-02 -2.59378701e-01  8.02705179e-01 -2.33068581e-01
  1.98962297e-02 -1.92163541e+00]
Step: 8000000. 
[-1.03111354e+00  4.62140975e-02 -7.64229827e-02 -1.32994768e+00
  2.53288102e+00 -8.26381340e-01  1.39805567e+01  0.00000000e+00
 -5.49851251e+00  9.16126054e+00 -2.97840122e+00  2.82113533e-08
  2.99162408e-01 -5.67802528e-01  2.52465646e-01  1.09676084e+00
  3.71827365e-01 -2.44477758e+00  1.51228767e-01  2.29126887e-01
  2.94673509e-01  9.38706649e-01 -9.04977788e-01 -2.72941833e+00
  5.15670860e-02  8.46435702e-03  6.80502033e-01 -2.08395276e-01
  2.40478056e-01 -1.56706379e+00]
Step: 8100000. 
[ 1.55484947e+00 -3.21109533e-01  9.91967970e-01 -1.45939130e+00
 -8.91593918e-02  6.97957024e-01  5.75743172e+01 -7.75571561e+01
  6.54243259e+01  0.00000000e+00 -2.48473214e-04  4.58415477e+01
 -7.84057986e+01 -2.39974614e+01  1.70443106e+01  2.50505638e+01
  8.55261950e+00  3.72287470e+01 -7.87606599e+01 -2.31496767e+01
  1.81692184e+01 -9.92648635e+01 -2.43566435e-01 -1.62061856e+01
 -7.87353161e+01 -2.34899478e+01  1.75114464e+01 -2.84534253e+01
 -1.05655308e+01  6.85557939e+00]
Step: 8200000. 
[ 1.06410247e+00  7.66382781e-01 -4.23317633e-02  4.84425383e-01
 -2.22336279e-01 -7.41453344e-01  2.02585634e-06  1.41189183e-04
 -4.01356163e+01  4.73386657e+00  0.00000000e+00 -6.31218634e+01
 -1.00609811e+00  1.80606245e-01  7.75816797e-01  6.14853896e-01
  1.81098835e+00  3.46028667e+00 -2.36480863e-01  3.47548125e-02
  3.08210403e-01 -4.85907889e+00  2.32757779e+00  5.05658879e+00
 -4.90805509e-01 -2.74280269e-01  9.68557303e-01 -1.39693218e+00
 -9.45692519e-01 -1.62242150e+00]
Step: 8300000. 
[-1.31200545e+00 -9.72310765e-02  6.84328927e-01  1.49492829e+00
  4.32231679e-02  2.07294454e-01 -5.05646709e+00  2.42212746e-06
 -7.84872814e+00 -4.44089210e-16 -7.55852592e+00 -8.29847375e+01
  1.37111800e+01  1.21453400e+01  6.05685983e-01 -7.44665900e+00
  5.53391332e+01 -1.51054948e+01  1.22567337e+01  1.21553847e+01
  5.59609113e-01  1.15235177e+01 -4.37113371e+01  3.28499187e+01
  1.29723385e+01  1.19822491e+01  6.75830501e-01  8.84658010e+00
 -1.32681941e+00  3.79701458e+00]
Step: 8400000. 
[ 1.47805946e+00 -1.98122811e-01 -1.19979381e-01 -2.53418009e-02
  4.82495583e-01  5.06829656e-01 -1.26390198e-04  0.00000000e+00
  1.36917282e+01 -1.95408572e+01  2.20847290e-01  9.39129663e-10
 -3.20405752e-01 -4.03247361e-01  3.36217790e-01 -2.80987331e+00
 -3.32811306e+00  3.72435742e+00 -6.05347072e-02  3.88201429e-01
  1.36737741e-01  4.62390592e+00  2.96097299e+00  1.06221915e+00
  1.09680443e-02  8.41099809e-03  8.45702580e-01  5.11498988e-02
  6.07906934e-02  3.97821309e-01]
Step: 8500000. 
[-2.01450620e-01 -8.97006780e-03 -8.16357831e-01 -3.99095912e-01
  4.72331991e-01 -9.90265872e-01  7.48634797e+01 -5.38772492e+00
 -7.17963133e+01  7.38983879e+01 -1.63843730e+00  0.00000000e+00
 -1.51860222e-01 -3.43128021e-01  3.89179809e-01 -2.28443289e+00
  1.91302372e+00  3.77385027e+00 -1.67430891e-01  2.56057462e-01
  3.42863959e-01 -2.42558256e+00  1.46295552e+00  2.49586592e-01
  2.89302915e-02  4.89329800e-02  1.02423681e+00 -9.55076528e-01
 -1.52217731e+00  1.15675470e+00]
Step: 8600000. 
[-5.06285181e-02  2.13676089e-02  1.49284357e-02  2.29889617e-01
 -1.18307774e-02 -9.36745392e-01 -4.03552343e+01  1.91919981e+01
 -3.18707258e+00 -3.59912637e+01  7.02266051e-01 -3.53451736e-01
 -1.49692091e-02 -2.98116901e-01  6.70943240e-02 -1.27524956e+00
  1.63394247e-01  1.03890442e+00 -1.71444370e-01  2.97576583e-01
  1.49694811e-01  2.01773384e+00  2.91281311e-01  4.05307031e-01
  1.08234942e-02  2.90824978e-03  8.17849054e-01  5.52339458e-02
 -1.98202976e-01  1.07994291e+00]
Step: 8700000. 
[ 1.11473857e-01  1.54231252e+00  5.33172257e-01  2.38742376e-01
 -2.73266182e-01  8.57940048e-02  2.74799102e+01 -9.74539747e+00
 -1.73975650e+01  4.03448581e+01  0.00000000e+00 -1.37808640e+01
 -4.41296610e-01 -1.71143796e-01  3.39179741e-01  1.27039328e-01
  8.52873073e-01 -2.96753563e+00  2.54838133e-01  2.20355433e-01
  1.29616993e-01 -7.99087428e+00  2.41699153e+00 -2.47718818e+00
 -6.66789882e-02 -3.06041636e-02  8.22299583e-01 -3.29317350e-01
  1.41319634e-02 -8.00755220e-01]
Step: 8800000. 
[ 1.40657487e+00  4.04245078e-01  8.02895356e-01 -1.35364948e+00
  4.18585864e-02  5.16059768e-01 -6.18892141e-01  2.17984119e+01
 -1.04984138e+00  3.41288118e+00  1.03666212e+01 -7.03650391e+01
 -9.01414054e+00 -3.21630555e+00  1.18616775e+00 -2.47024318e+01
 -3.02701458e+01  3.67796475e+01 -9.26559900e+00 -1.96473998e+00
  1.88706987e+00  3.73280693e+01  3.05551828e+01 -3.04399122e+01
 -9.01299431e+00 -2.53309265e+00  1.45087827e+00  8.47731353e+00
 -1.89394479e+01 -2.80134266e+00]
Step: 8900000. 
[ 1.44303719e+00 -8.96122346e-02 -6.23166896e-01 -9.42580897e-01
  1.19376412e-02 -1.01996865e+00  2.58412521e+01  5.43561998e-06
  1.67750603e-04 -2.04167988e+00  5.56348673e+01 -6.31298484e+01
 -7.83550282e-01 -2.18984755e-01  4.54560537e-01  1.54989896e-01
 -3.48667869e+00  8.19513195e-01  2.91831224e-01  4.38934809e-01
  3.91396506e-01 -6.05794792e+00  1.44113393e+00  1.58443990e+00
 -6.49700401e-02 -1.72286261e-01  4.01813981e-01 -2.47112392e+00
  5.16154703e-01 -1.42390932e+00]
Step: 9000000. 
[-1.39640197e+00 -1.94315296e-04  6.84648567e-01  1.48662734e+00
  9.18648054e-01  8.57348987e-01  3.66296190e-03  1.75756767e-03
 -4.67172776e-03  0.00000000e+00  1.09898135e+01 -1.89060403e-03
  1.59940360e+02 -4.62125956e+02  4.65411439e+02 -2.46099335e+01
 -1.57133281e+02  1.14269620e+02  1.60442960e+02 -4.61114566e+02
  4.66242454e+02 -1.64945777e+02 -4.42578885e+01  4.98939309e+01
  1.60236943e+02 -4.61579608e+02  4.65841334e+02 -9.75724470e+01
 -9.62392858e+01  8.72171495e+01]
Step: 9100000. 
[ 1.51419916e+00 -1.58988800e-01  7.00815291e-01 -1.13672208e+00
  1.95969745e-01  4.89219323e-01  0.00000000e+00  8.47038920e+00
 -3.69815139e+00  6.50776085e+00  5.41788836e-13  5.49229490e+01
 -1.00099174e-02 -4.19940301e+00  2.39434289e+00 -3.83519623e+01
  5.58940535e+01  6.49776348e+00  5.40060551e-01 -3.86954533e+00
  1.15151354e+00  5.07446802e+01 -4.39004600e+01  6.28032805e+00
  4.72504791e-02 -3.82174660e+00  1.74493036e+00  4.72609606e+00
  5.15525694e+00 -1.90437640e+01]
Step: 9200000. 
[ 7.53808354e-02  2.66423539e+00  6.02800541e-01  3.99638070e-01
  2.76260366e-01  1.33498120e-01  5.66032029e+01 -9.72651722e+00
 -6.50580591e+01  4.28401323e+01 -4.71979994e+00 -2.72998497e+01
  2.40680081e-01 -4.72729535e-01  7.46706472e-01  7.79226295e-01
 -1.29541309e+00  5.56163212e-01  6.69927557e-01  2.69440743e-01
  5.59469726e-01  2.54573376e+00 -4.78509436e+00  1.34758302e-01
  4.63810129e-02 -2.50959248e-01  5.60648363e-01  1.70010531e+00
 -4.55285007e-01 -2.41298167e+00]
Step: 9300000. 
[ 4.78980268e-01  4.86758910e-01 -7.49725769e-01 -1.49358424e+00
  4.41571908e-03 -7.97748522e-01 -3.92129612e+01 -5.75293631e-02
 -2.88775189e+00 -3.22618309e+01  5.58183449e+00 -2.39260032e+01
 -2.77899102e+00 -9.98388048e-01  2.47351186e-01 -2.76373158e+00
 -3.94468607e+00 -9.38743055e-01 -4.02143418e+00 -1.14157133e+00
  1.81412934e-01  3.20671455e-01 -6.12605014e-01  3.42458179e-01
 -3.47266588e+00 -7.87085653e-01  4.16519242e-01 -4.02264270e+00
 -3.79982747e-01 -1.25161479e+00]
Step: 9400000. 
[-1.47429348e+00 -1.57404131e-04  4.00602339e-01  1.39626000e+00
  9.60016573e-01  8.59727352e-01 -7.21677672e-04  7.55393544e-03
 -6.20222367e-03 -2.15419604e-07 -2.04000216e+01 -2.96010777e-04
 -9.09279217e+01 -4.18882971e+01  2.33165167e+01 -6.07438708e+01
 -1.03438625e+02 -9.19705818e+00 -8.96427437e+01 -4.18951672e+01
  2.37757740e+01 -8.97350876e+01  3.19793575e+01  9.77857826e+01
 -9.02229862e+01 -4.19173344e+01  2.35475947e+01 -7.57235142e+01
 -2.39853668e+01  4.64845942e+01]
Step: 9500000. 
[-1.52342997e+00 -3.31444944e-02  1.01683324e+00  1.40211812e+00
  2.84790069e-01  6.54032233e-01 -1.89665532e-01  3.44445876e+01
  6.49759146e+01 -3.51487448e-01 -2.70564655e+00  2.56443450e+01
 -4.21308656e+01 -9.11269159e+01  6.51211389e+01 -8.16754906e+01
 -1.86561653e-01  1.38032235e+01 -4.27540004e+01 -9.13886543e+01
  6.38263506e+01  2.31449623e+00 -1.04421046e+02  1.50569703e+01
 -4.25030422e+01 -9.13119723e+01  6.45160697e+01 -3.72821968e+01
 -5.49201779e+01  3.07201528e+01]
Step: 9600000. 
[-1.30889142e+00  6.78057393e-02  7.87826282e-01  1.45305789e+00
  1.95957363e-01  8.42710448e-01  2.12675568e+01 -4.28552440e+00
 -1.45689267e-01  0.00000000e+00  3.39999342e+01 -1.94394524e+01
 -2.90065755e+02  1.05002573e+02  1.28292452e+02 -9.81979628e+00
  6.89978732e+01  9.88327901e+01 -2.89900814e+02  1.06397132e+02
  1.27912583e+02 -1.21511354e+02  5.69423116e+01  4.45296324e+00
 -2.89785928e+02  1.05683434e+02  1.28101341e+02 -5.87232103e+01
  8.18064209e+01  4.15143970e+01]
Step: 9700000. 
[ 1.79036723e-01  5.64344121e-01  5.70962914e-01 -1.28038571e+00
  1.95416114e+00  8.42239116e-01 -2.45759899e-06  6.22316082e+01
 -6.59899683e+01  9.87027461e+00 -2.39538206e+00  0.00000000e+00
 -3.35900713e-02 -4.85277052e-01  2.48011103e-01 -3.09386538e+00
  5.95229953e-02  6.89962259e+00 -6.20473687e-02  2.27087812e-01
  3.00760460e-01  4.20874902e+00  1.08112633e+00 -5.56893571e-01
 -1.02750844e-01  7.22246477e-02  8.37344235e-01 -1.74650128e+00
 -5.02479076e-01 -7.82915237e-01]
Step: 9800000. 
[-5.31936207e-01  4.56793905e-01  7.90429483e-01 -9.45873404e-01
 -3.14429604e-02 -4.38622927e-01  1.41441352e+01 -3.19530937e+01
 -2.21033084e-01  2.82884266e-03 -1.48116713e+01  7.98203566e+01
 -1.27750861e-01 -3.57837853e-01  1.65026897e-01  4.29817103e+00
 -1.15421006e+00  4.31496093e-01  1.87902984e-01  3.34567503e-01
  2.62989135e-01  5.41621659e+00  6.26865769e-01  1.10177966e+00
 -1.44066355e-01  5.63505841e-02  8.46398445e-01 -4.58631873e-01
  1.59667424e+00  1.44143615e+00]
Step: 9900000. 
[-1.55460927e-01 -8.12178885e-03 -9.38602496e-01 -1.39341228e+00
  7.20687360e-03 -9.37490447e-01 -1.85820026e+01  4.87307331e-01
 -2.39988200e-01  1.33211259e+01 -3.95545169e+01  2.31242396e-02
 -3.61894416e-01 -4.79899665e-01  1.02499314e+00 -2.57972384e+00
 -6.96289171e+00 -9.20925883e+00 -4.26967088e-01  1.66211986e-01
  3.58847170e-01 -3.97185693e+00 -3.83335874e+00  4.59032946e-01
 -9.29700604e-01 -5.87786168e-02  7.63898184e-01 -1.19724166e+00
  2.54162349e+00  4.28377870e+00]
Step: 10000000. 
[ -1.12688154   0.10324867   0.9158289   -0.63869281  -0.22851627
   0.19092703  22.1032997    2.28652752  83.74254637  36.92088145
   0.         -42.92203443  -2.38627672   4.80534525   0.62333387
  10.85403335  -1.1308596  -10.38830437  -2.42146988   5.25745829
   1.04461368  -4.01780749   6.96450807 -20.42402134  -1.69820276
   4.99257045   0.92156459   1.92503289  -1.56441325   6.86232249]
Step: 0. 
[-0.20467976  0.18802602 -0.19687579  0.43237609  0.24992612 -0.25422683
  0.          0.          0.          0.          0.          0.
  0.12543196 -0.3         0.06803484  0.          0.          0.
 -0.29015098  0.3         0.12852694  0.          0.          0.
  0.          0.          0.8         0.          0.          0.        ]
Step: 0. 
[-2.00538027e-01  1.51881607e-01 -1.84576618e-01  4.32375666e-01
  1.86481317e-01 -1.43779340e-01  9.94016510e-01 -8.67465965e+00
  2.95180049e+00 -1.01608329e-04 -1.52267526e+01  2.65073980e+01
  1.25431958e-01 -3.00000000e-01  6.80348399e-02 -1.01725172e-02
  9.96839595e-02  4.20672616e-01 -2.90150981e-01  3.00000000e-01
  1.28526937e-01  6.14071217e-01 -1.59485433e-01 -1.25056629e+00
  0.00000000e+00  0.00000000e+00  8.00000000e-01  4.25852815e-01
  8.75197680e-02  5.72112126e-01]
Step: 0. 
[ 0.44639092  0.25709754  0.01956513  0.20101014  0.01552766 -0.21749659
  0.          0.          0.          0.          0.          0.
 -0.31917287 -0.3         0.13004632  0.          0.          0.
 -0.07430473  0.3         0.0630942   0.          0.          0.
  0.          0.          0.8         0.          0.          0.        ]
Step: 0. 
[ 4.46390946e-01  2.57098315e-01 -1.70240586e-01  2.11149375e-01
  1.55276640e-02 -4.24637975e-01  6.36182480e-06  1.86879603e-04
 -4.55533725e+01  2.43341655e+00  0.00000000e+00 -4.97139323e+01
 -3.19172869e-01 -3.00000000e-01  1.30046316e-01  2.29132260e+00
  1.11268095e-01  5.63311499e-01 -7.43047255e-02  3.00000000e-01
  6.30941983e-02  6.39549689e-01 -2.04201652e-01  2.61412091e+00
  0.00000000e+00  0.00000000e+00  8.00000000e-01  3.15004979e-01
  3.37965061e-02 -3.74438952e-01]
